1                     3.90       3.90
      1       2      15      16 
     12      14       3       5 
     13       7      10       4 
      8      11       6       9 
2                     4.62       0.72
      1       2      15      16 
     13      14       3       4 
     12       7      10       5 
      8      11       6       9 
3                     9.92       5.30
      1       2      16      15 
     13      14       4       3 
     12       7       9       6 
      8      11       5      10 
4                    13.21       3.29
      1       3      14      16 
     10      13       4       7 
     15       6      11       2 
      8      12       5       9 
5                    14.53       1.31
      1       3      14      16 
     12      13       4       5 
     15       8       9       2 
      6      10       7      11 
6                    16.23       1.70
      1       3      14      16 
     15      13       4       2 
     10       6      11       7 
      8      12       5       9 
7                    16.24       0.01
      1       3      14      16 
     15      13       4       2 
     12       8       9       5 
      6      10       7      11 
8                    17.70       1.46
      1       3      16      14 
      8      15       2       9 
     13       6      11       4 
     12      10       5       7 
9                    19.97       2.27
      1       3      16      14 
     12      15       2       5 
     13      10       7       4 
      8       6       9      11 
10                   20.72       0.75
      1       3      16      14 
     13      15       2       4 
      8       6      11       9 
     12      10       5       7 
11                   20.74       0.02
      1       3      16      14 
     13      15       2       4 
     12      10       7       5 
      8       6       9      11 
12                   22.98       2.25
      1       4      13      16 
      8      14       3       9 
     15       5      12       2 
     10      11       6       7 
13                   23.05       0.06
      1       4      13      16 
      8      15       2       9 
     14       5      12       3 
     11      10       7       6 
14                   25.31       2.26
      1       4      13      16 
     12      14       3       5 
     15       9       8       2 
      6       7      10      11 
15                   25.38       0.07
      1       4      13      16 
     12      15       2       5 
     14       9       8       3 
      7       6      11      10 
16                   26.16       0.77
      1       4      13      16 
     14      15       2       3 
      8       5      12       9 
     11      10       7       6 
17                   26.18       0.02
      1       4      13      16 
     14      15       2       3 
     12       9       8       5 
      7       6      11      10 
18                   27.01       0.83
      1       4      13      16 
     15      14       3       2 
      8       5      12       9 
     10      11       6       7 
19                   27.03       0.02
      1       4      13      16 
     15      14       3       2 
     12       9       8       5 
      6       7      10      11 
20                   28.83       1.79
      1       4      14      15 
      9      12       6       7 
     16       5      11       2 
      8      13       3      10 
21                   31.29       2.47
      1       4      14      15 
     13      16       2       3 
      8       5      11      10 
     12       9       7       6 
22                   31.32       0.02
      1       4      14      15 
     13      16       2       3 
     12       9       7       6 
      8       5      11      10 
23                   32.03       0.71
      1       4      14      15 
     16      11       5       2 
      9       6      12       7 
      8      13       3      10 
24                   32.09       0.06
      1       4      14      15 
     16      13       3       2 
      7       6      12       9 
     10      11       5       8 
25                   32.11       0.02
      1       4      14      15 
     16      13       3       2 
     11      10       8       5 
      6       7       9      12 
26                   33.89       1.78
      1       4      15      14 
      9      12       7       6 
     16       5      10       3 
      8      13       2      11 
27                   36.33       2.44
      1       4      15      14 
     13      16       3       2 
      8       5      10      11 
     12       9       6       7 
28                   36.35       0.02
      1       4      15      14 
     13      16       3       2 
     12       9       6       7 
      8       5      10      11 
29                   36.94       0.59
      1       4      15      14 
     16      10       5       3 
      9       7      12       6 
      8      13       2      11 
30                   37.04       0.10
      1       4      15      14 
     16      13       2       3 
      6       7      12       9 
     11      10       5       8 
31                   37.06       0.02
      1       4      15      14 
     16      13       2       3 
     10      11       8       5 
      7       6       9      12 
32                   41.41       4.35
      1       4      16      13 
     14      15       3       2 
      7       6      10      11 
     12       9       5       8 
33                   41.43       0.02
      1       4      16      13 
     14      15       3       2 
     11      10       6       7 
      8       5       9      12 
34                   42.13       0.71
      1       4      16      13 
     15      14       2       3 
      6       7      11      10 
     12       9       5       8 
35                   42.16       0.02
      1       4      16      13 
     15      14       2       3 
     10      11       7       6 
      8       5       9      12 
36                   44.69       2.54
      1       5      12      16 
     10      11       6       7 
     15       4      13       2 
      8      14       3       9 
37                   46.93       2.24
      1       5      12      16 
     14      11       6       3 
     15       8       9       2 
      4      10       7      13 
38                   47.81       0.88
      1       5      12      16 
     15      11       6       2 
     10       4      13       7 
      8      14       3       9 
39                   47.82       0.01
      1       5      12      16 
     15      11       6       2 
     14       8       9       3 
      4      10       7      13 
40                   58.16      10.34
      1       5      16      12 
      8      14       3       9 
     10       4      13       7 
     15      11       2       6 
41                   59.13       0.97
      1       5      16      12 
     10      14       3       7 
      8       4      13       9 
     15      11       2       6 
42                   59.15       0.02
      1       5      16      12 
     10      14       3       7 
     15      11       6       2 
      8       4       9      13 
43                   62.07       2.92
      1       5      16      12 
     15      14       3       2 
     10      11       6       7 
      8       4       9      13 
44                   63.25       1.18
      1       6      11      16 
      7      15       2      10 
     14       4      13       3 
     12       9       8       5 
45                   63.63       0.38
      1       6      11      16 
      8      12       5       9 
     15       3      14       2 
     10      13       4       7 
46                   63.76       0.14
      1       6      11      16 
      8      15       2       9 
     12       3      14       5 
     13      10       7       4 
47                   65.30       1.54
      1       6      11      16 
     12      10       7       5 
     13       3      14       4 
      8      15       2       9 
48                   65.45       0.15
      1       6      11      16 
     12      15       2       5 
      8       3      14       9 
     13      10       7       4 
49                   65.47       0.01
      1       6      11      16 
     12      15       2       5 
     14       9       8       3 
      7       4      13      10 
50                   66.05       0.58
      1       6      11      16 
     13      10       7       4 
     12       3      14       5 
      8      15       2       9 
51                   66.94       0.89
      1       6      11      16 
     14      12       5       3 
     15       9       8       2 
      4       7      10      13 
52                   67.04       0.10
      1       6      11      16 
     14      15       2       3 
      7       4      13      10 
     12       9       8       5 
53                   67.06       0.02
      1       6      11      16 
     14      15       2       3 
     12       9       8       5 
      7       4      13      10 
54                   67.86       0.80
      1       6      11      16 
     15      12       5       2 
      8       3      14       9 
     10      13       4       7 
55                   67.88       0.02
      1       6      11      16 
     15      12       5       2 
     14       9       8       3 
      4       7      10      13 
56                   70.77       2.90
      1       6      12      15 
     11      16       2       5 
      8       3      13      10 
     14       9       7       4 
57                   70.79       0.01
      1       6      12      15 
     11      16       2       5 
     14       9       7       4 
      8       3      13      10 
58                   71.35       0.57
      1       6      12      15 
     13      10       8       3 
     16       7       9       2 
      4      11       5      14 
59                   72.82       1.47
      1       6      12      15 
     16       9       7       2 
     13       8      10       3 
      4      11       5      14 
60                   72.97       0.14
      1       6      12      15 
     16      11       5       2 
      7       4      14       9 
     10      13       3       8 
61                   72.99       0.02
      1       6      12      15 
     16      11       5       2 
     13      10       8       3 
      4       7       9      14 
62                   85.45      12.46
      1       6      15      12 
     11      16       5       2 
      8       3      10      13 
     14       9       4       7 
63                   85.46       0.02
      1       6      15      12 
     11      16       5       2 
     14       9       4       7 
      8       3      10      13 
64                   87.42       1.96
      1       6      15      12 
     16      11       2       5 
      4       7      14       9 
     13      10       3       8 
65                   87.44       0.02
      1       6      15      12 
     16      11       2       5 
     10      13       8       3 
      7       4       9      14 
66                   90.83       3.39
      1       6      16      11 
     12      15       5       2 
      7       4      10      13 
     14       9       3       8 
67                   90.84       0.01
      1       6      16      11 
     12      15       5       2 
     13      10       4       7 
      8       3       9      14 
68                   92.95       2.11
      1       6      16      11 
     15      12       2       5 
      4       7      13      10 
     14       9       3       8 
69                   92.97       0.02
      1       6      16      11 
     15      12       2       5 
     10      13       7       4 
      8       3       9      14 
70                   94.64       1.66
      1       7      10      16 
      8      12       5       9 
     14       2      15       3 
     11      13       4       6 
71                   94.71       0.07
      1       7      10      16 
      8      14       3       9 
     12       2      15       5 
     13      11       6       4 
72                   96.11       1.41
      1       7      10      16 
     12       9       8       5 
     15       4      13       2 
      6      14       3      11 
73                   96.28       0.16
      1       7      10      16 
     12      14       3       5 
      8       2      15       9 
     13      11       6       4 
74                   96.29       0.01
      1       7      10      16 
     12      14       3       5 
     15       9       8       2 
      6       4      13      11 
75                   97.61       1.32
      1       7      10      16 
     14       9       8       3 
     15       6      11       2 
      4      12       5      13 
76                   97.72       0.11
      1       7      10      16 
     14      12       5       3 
      8       2      15       9 
     11      13       4       6 
77                   97.74       0.02
      1       7      10      16 
     14      12       5       3 
     15       9       8       2 
      4       6      11      13 
78                   98.48       0.74
      1       7      10      16 
     15       9       8       2 
     12       4      13       5 
      6      14       3      11 
79                   98.49       0.01
      1       7      10      16 
     15       9       8       2 
     14       6      11       3 
      4      12       5      13 
80                   98.67       0.18
      1       7      10      16 
     15      12       5       2 
     14       9       8       3 
      4       6      11      13 
81                   98.77       0.10
      1       7      10      16 
     15      14       3       2 
     12       9       8       5 
      6       4      13      11 
82                  105.47       6.69
      1       7      12      14 
     10      16       3       5 
      8       2      13      11 
     15       9       6       4 
83                  105.48       0.01
      1       7      12      14 
     10      16       3       5 
     15       9       6       4 
      8       2      13      11 
84                  108.06       2.58
      1       7      12      14 
     16      10       5       3 
      6       4      15       9 
     11      13       2       8 
85                  108.08       0.02
      1       7      12      14 
     16      10       5       3 
     13      11       8       2 
      4       6       9      15 
86                  109.19       1.11
      1       7      14      12 
      6      15       4       9 
     11       2      13       8 
     16      10       3       5 
87                  109.54       0.35
      1       7      14      12 
      8      13       2      11 
      9       4      15       6 
     16      10       3       5 
88                  109.96       0.42
      1       7      14      12 
      9      15       4       6 
      8       2      13      11 
     16      10       3       5 
89                  109.98       0.01
      1       7      14      12 
      9      15       4       6 
     16      10       5       3 
      8       2      11      13 
90                  110.43       0.46
      1       7      14      12 
     10      16       5       3 
      8       2      11      13 
     15       9       4       6 
91                  110.45       0.01
      1       7      14      12 
     10      16       5       3 
     15       9       4       6 
      8       2      11      13 
92                  110.80       0.35
      1       7      14      12 
     11      13       2       8 
      6       4      15       9 
     16      10       3       5 
93                  112.95       2.16
      1       7      14      12 
     16      10       3       5 
      4       6      15       9 
     13      11       2       8 
94                  112.97       0.02
      1       7      14      12 
     16      10       3       5 
     11      13       8       2 
      6       4       9      15 
95                  119.77       6.79
      1       7      16      10 
     11      13       4       6 
     14      12       5       3 
      8       2       9      15 
96                  120.43       0.66
      1       7      16      10 
     12      14       5       3 
      6       4      11      13 
     15       9       2       8 
97                  120.45       0.01
      1       7      16      10 
     12      14       5       3 
     13      11       4       6 
      8       2       9      15 
98                  121.71       1.27
      1       7      16      10 
     14      12       3       5 
      4       6      13      11 
     15       9       2       8 
99                  121.73       0.02
      1       7      16      10 
     14      12       3       5 
     11      13       6       4 
      8       2       9      15 
100                 121.83       0.10
      1       7      16      10 
     14      13       4       3 
     11      12       5       6 
      8       2       9      15 
101                 124.38       2.55
      1       8       9      16 
      7      13       4      10 
     14       2      15       3 
     12      11       6       5 
102                 127.74       3.36
      1       8       9      16 
     14      13       4       3 
      7       2      15      10 
     12      11       6       5 
103                 129.48       1.74
      1       8      10      15 
      5      14       4      11 
     16       3      13       2 
     12       9       7       6 
104                 131.07       1.59
      1       8      10      15 
     11      14       4       5 
     16       9       7       2 
      6       3      13      12 
105                 131.65       0.58
      1       8      10      15 
     12      13       3       6 
      7       2      16       9 
     14      11       5       4 
106                 132.34       0.69
      1       8      10      15 
     13      12       6       3 
     16       9       7       2 
      4       5      11      14 
107                 133.05       0.72
      1       8      10      15 
     14      11       5       4 
      7       2      16       9 
     12      13       3       6 
108                 134.07       1.01
      1       8      10      15 
     16      13       3       2 
      5       4      14      11 
     12       9       7       6 
109                 136.27       2.20
      1       8      11      14 
     10      15       4       5 
     16       9       6       3 
      7       2      13      12 
110                 136.77       0.50
      1       8      11      14 
     12      13       2       7 
      6       3      16       9 
     15      10       5       4 
111                 137.53       0.75
      1       8      11      14 
     13      12       7       2 
     16       9       6       3 
      4       5      10      15 
112                 138.22       0.69
      1       8      11      14 
     15      10       5       4 
      6       3      16       9 
     12      13       2       7 
113                 140.29       2.07
      1       8      12      13 
      6      15       3      10 
     11       2      14       7 
     16       9       5       4 
114                 140.57       0.28
      1       8      12      13 
      7      14       2      11 
     10       3      15       6 
     16       9       5       4 
115                 141.37       0.80
      1       8      12      13 
     10      15       3       6 
      7       2      14      11 
     16       9       5       4 
116                 141.82       0.45
      1       8      12      13 
     11      14       2       7 
      6       3      15      10 
     16       9       5       4 
117                 142.67       0.86
      1       8      12      13 
     14      11       7       2 
     15      10       6       3 
      4       5       9      16 
118                 143.39       0.72
      1       8      12      13 
     15      10       6       3 
     14      11       7       2 
      4       5       9      16 
119                 144.70       1.31
      1       8      13      12 
      3      15       6      10 
     16       2      11       5 
     14       9       4       7 
120                 146.59       1.89
      1       8      13      12 
     10      15       6       3 
     16       9       4       5 
      7       2      11      14 
121                 147.07       0.48
      1       8      13      12 
     11      14       7       2 
     16       9       4       5 
      6       3      10      15 
122                 147.76       0.69
      1       8      13      12 
     14      11       2       7 
      4       5      16       9 
     15      10       3       6 
123                 148.52       0.75
      1       8      13      12 
     15      10       3       6 
      4       5      16       9 
     14      11       2       7 
124                 149.52       1.00
      1       8      13      12 
     16      11       2       5 
      3       6      15      10 
     14       9       4       7 
125                 150.04       0.52
      1       8      14      11 
      4      15       5      10 
     13       2      12       7 
     16       9       3       6 
126                 150.85       0.81
      1       8      14      11 
      7      12       2      13 
     10       5      15       4 
     16       9       3       6 
127                 151.72       0.87
      1       8      14      11 
     10      15       5       4 
      7       2      12      13 
     16       9       3       6 
128                 152.27       0.55
      1       8      14      11 
     12      13       7       2 
     15      10       4       5 
      6       3       9      16 
129                 152.83       0.57
      1       8      14      11 
     13      12       2       7 
      4       5      15      10 
     16       9       3       6 
130                 153.59       0.76
      1       8      14      11 
     15      10       4       5 
     12      13       7       2 
      6       3       9      16 
131                 155.01       1.41
      1       8      15      10 
      4      14       5      11 
     13       3      12       6 
     16       9       2       7 
132                 155.55       0.54
      1       8      15      10 
      6      12       3      13 
     11       5      14       4 
     16       9       2       7 
133                 156.85       1.30
      1       8      15      10 
     11      14       5       4 
      6       3      12      13 
     16       9       2       7 
134                 157.46       0.61
      1       8      15      10 
     12      13       6       3 
     14      11       4       5 
      7       2       9      16 
135                 158.05       0.58
      1       8      15      10 
     13      12       3       6 
      4       5      14      11 
     16       9       2       7 
136                 158.81       0.76
      1       8      15      10 
     14      11       4       5 
     12      13       6       3 
      7       2       9      16 
137                 167.38       8.57
      1       9       8      16 
      7      15       2      10 
     14       4      13       3 
     12       6      11       5 
138                 170.73       3.35
      1       9       8      16 
     14      15       2       3 
      7       4      13      10 
     12       6      11       5 
139                 190.37      19.64
      1       9      16       8 
      4      12       5      13 
     14       6      11       3 
     15       7       2      10 
140                 190.37       0.00
      1       9      16       8 
      4      12       5      13 
     15       7      10       2 
     14       6       3      11 
141                 191.61       1.23
      1       9      16       8 
      7      15      10       2 
     14       4       5      11 
     12       6       3      13 
142                 194.86       3.25
      1       9      16       8 
     14      12       5       3 
      4       6      11      13 
     15       7       2      10 
143                 195.87       1.01
      1       9      16       8 
     15      12       5       2 
      4       7      10      13 
     14       6       3      11 
144                 197.49       1.62
      1      10       7      16 
      8      15       2       9 
     12       3      14       5 
     13       6      11       4 
145                 197.50       0.00
      1      10       7      16 
      8      15       2       9 
     14       5      12       3 
     11       4      13       6 
146                 198.89       1.39
      1      10       7      16 
     12       8       9       5 
     15       3      14       2 
      6      13       4      11 
147                 199.03       0.14
      1      10       7      16 
     12      13       4       5 
     15       8       9       2 
      6       3      14      11 
148                 199.09       0.06
      1      10       7      16 
     12      15       2       5 
      8       3      14       9 
     13       6      11       4 
149                 200.34       1.25
      1      10       7      16 
     14       8       9       3 
     15       5      12       2 
      4      11       6      13 
150                 200.46       0.12
      1      10       7      16 
     14      11       6       3 
     15       8       9       2 
      4       5      12      13 
151                 200.58       0.12
      1      10       7      16 
     14      15       2       3 
      8       5      12       9 
     11       4      13       6 
152                 201.24       0.66
      1      10       7      16 
     15       8       9       2 
     12       3      14       5 
      6      13       4      11 
153                 201.25       0.01
      1      10       7      16 
     15       8       9       2 
     14       5      12       3 
      4      11       6      13 
154                 201.39       0.15
      1      10       7      16 
     15      11       6       2 
     14       8       9       3 
      4       5      12      13 
155                 201.48       0.09
      1      10       7      16 
     15      13       4       2 
     12       8       9       5 
      6       3      14      11 
156                 202.24       0.76
      1      10       8      15 
      5      14       4      11 
     16       3      13       2 
     12       7       9       6 
157                 202.99       0.75
      1      10       8      15 
      7      16       2       9 
     12       3      13       6 
     14       5      11       4 
158                 202.99       0.00
      1      10       8      15 
      7      16       2       9 
     14       5      11       4 
     12       3      13       6 
159                 206.63       3.64
      1      10       8      15 
     16       7       9       2 
     11       4      14       5 
      6      13       3      12 
160                 206.64       0.01
      1      10       8      15 
     16       7       9       2 
     13       6      12       3 
      4      11       5      14 
161                 206.89       0.25
      1      10       8      15 
     16      13       3       2 
      5       4      14      11 
     12       7       9       6 
162                 226.88      19.99
      1      10      15       8 
      3      13       6      12 
     14       4      11       5 
     16       7       2       9 
163                 227.28       0.40
      1      10      15       8 
      5      11       4      14 
     12       6      13       3 
     16       7       2       9 
164                 227.39       0.11
      1      10      15       8 
      5      14      11       4 
     16       3       6       9 
     12       7       2      13 
165                 228.11       0.71
      1      10      15       8 
      7      16       9       2 
     12       3       6      13 
     14       5       4      11 
166                 228.11       0.00
      1      10      15       8 
      7      16       9       2 
     14       5       4      11 
     12       3       6      13 
167                 229.60       1.49
      1      10      15       8 
     12      13       6       3 
      5       4      11      14 
     16       7       2       9 
168                 230.98       1.38
      1      10      15       8 
     14      11       4       5 
      3       6      13      12 
     16       7       2       9 
169                 231.60       0.62
      1      10      15       8 
     16       6       3       9 
      5      11      14       4 
     12       7       2      13 
170                 231.67       0.07
      1      10      15       8 
     16       7       2       9 
      4      11      14       5 
     13       6       3      12 
171                 231.68       0.01
      1      10      15       8 
     16       7       2       9 
      6      13      12       3 
     11       4       5      14 
172                 233.43       1.74
      1      10      16       7 
      8      15       9       2 
     11       4       6      13 
     14       5       3      12 
173                 233.43       0.01
      1      10      16       7 
      8      15       9       2 
     13       6       4      11 
     12       3       5      14 
174                 236.96       3.52
      1      10      16       7 
     15       8       2       9 
      4      11      13       6 
     14       5       3      12 
175                 236.97       0.01
      1      10      16       7 
     15       8       2       9 
      6      13      11       4 
     12       3       5      14 
176                 238.46       1.50
      1      11       6      16 
      7      13       4      10 
     14       2      15       3 
     12       8       9       5 
177                 239.00       0.54
      1      11       6      16 
      8      14       3       9 
     12       2      15       5 
     13       7      10       4 
178                 239.01       0.01
      1      11       6      16 
      8      14       3       9 
     15       5      12       2 
     10       4      13       7 
179                 240.61       1.60
      1      11       6      16 
     12       8       9       5 
     14       2      15       3 
      7      13       4      10 
180                 240.77       0.17
      1      11       6      16 
     12      14       3       5 
      8       2      15       9 
     13       7      10       4 
181                 240.78       0.01
      1      11       6      16 
     12      14       3       5 
     13       7      10       4 
      8       2      15       9 
182                 241.57       0.79
      1      11       6      16 
     13      14       3       4 
     12       7      10       5 
      8       2      15       9 
183                 242.21       0.64
      1      11       6      16 
     14       8       9       3 
     12       2      15       5 
      7      13       4      10 
184                 242.21       0.01
      1      11       6      16 
     14       8       9       3 
     15       5      12       2 
      4      10       7      13 
185                 242.41       0.20
      1      11       6      16 
     14      13       4       3 
      7       2      15      10 
     12       8       9       5 
186                 243.15       0.73
      1      11       6      16 
     15       8       9       2 
     14       5      12       3 
      4      10       7      13 
187                 243.39       0.24
      1      11       6      16 
     15      14       3       2 
      8       5      12       9 
     10       4      13       7 
188                 249.00       5.61
      1      11       8      14 
      6      16       3       9 
     12       2      13       7 
     15       5      10       4 
189                 249.00       0.01
      1      11       8      14 
      6      16       3       9 
     15       5      10       4 
     12       2      13       7 
190                 252.85       3.85
      1      11       8      14 
     16       6       9       3 
     10       4      15       5 
      7      13       2      12 
191                 252.86       0.01
      1      11       8      14 
     16       6       9       3 
     13       7      12       2 
      4      10       5      15 
192                 273.10      20.24
      1      11      14       8 
      6      16       9       3 
     12       2       7      13 
     15       5       4      10 
193                 273.10       0.00
      1      11      14       8 
      6      16       9       3 
     15       5       4      10 
     12       2       7      13 
194                 273.41       0.31
      1      11      14       8 
      7      13      12       2 
     16       4       5       9 
     10       6       3      15 
195                 276.85       3.44
      1      11      14       8 
     16       5       4       9 
      7      12      13       2 
     10       6       3      15 
196                 276.96       0.11
      1      11      14       8 
     16       6       3       9 
      4      10      15       5 
     13       7       2      12 
197                 276.97       0.01
      1      11      14       8 
     16       6       3       9 
      7      13      12       2 
     10       4       5      15 
198                 283.41       6.44
      1      11      16       6 
      8      14       9       3 
     10       4       7      13 
     15       5       2      12 
199                 283.42       0.01
      1      11      16       6 
      8      14       9       3 
     13       7       4      10 
     12       2       5      15 
200                 286.44       3.02
      1      11      16       6 
     14       8       3       9 
      4      10      13       7 
     15       5       2      12 
201                 286.45       0.01
      1      11      16       6 
     14       8       3       9 
      7      13      10       4 
     12       2       5      15 
202                 290.46       4.01
      1      12       5      16 
     10      13       4       7 
     15       6      11       2 
      8       3      14       9 
203                 292.61       2.16
      1      12       5      16 
     14       9       8       3 
     15       6      11       2 
      4       7      10      13 
204                 293.57       0.96
      1      12       5      16 
     15       9       8       2 
     14       6      11       3 
      4       7      10      13 
205                 293.67       0.10
      1      12       5      16 
     15      13       4       2 
     10       6      11       7 
      8       3      14       9 
206                 294.67       1.00
      1      12       6      15 
      7      14       4       9 
     16       5      11       2 
     10       3      13       8 
207                 295.07       0.40
      1      12       6      15 
      8      13       3      10 
     11       2      16       5 
     14       7       9       4 
208                 297.08       2.01
      1      12       6      15 
     13       8      10       3 
     16       5      11       2 
      4       9       7      14 
209                 297.22       0.13
      1      12       6      15 
     13      10       8       3 
     16       7       9       2 
      4       5      11      14 
210                 297.77       0.55
      1      12       6      15 
     14       7       9       4 
     11       2      16       5 
      8      13       3      10 
211                 298.76       0.99
      1      12       6      15 
     16       9       7       2 
     13       8      10       3 
      4       5      11      14 
212                 299.85       1.09
      1      12       7      14 
      6      15       4       9 
     16       5      10       3 
     11       2      13       8 
213                 300.21       0.36
      1      12       7      14 
      8      13       2      11 
     10       3      16       5 
     15       6       9       4 
214                 302.09       1.88
      1      12       7      14 
     13       8      11       2 
     16       5      10       3 
      4       9       6      15 
215                 302.78       0.69
      1      12       7      14 
     15       6       9       4 
     10       3      16       5 
      8      13       2      11 
216                 304.98       2.20
      1      12       8      13 
      6      15       3      10 
     11       2      14       7 
     16       5       9       4 
217                 305.27       0.29
      1      12       8      13 
      7      14       2      11 
     10       3      15       6 
     16       5       9       4 
218                 306.10       0.83
      1      12       8      13 
     10      15       3       6 
      7       2      14      11 
     16       5       9       4 
219                 306.59       0.49
      1      12       8      13 
     11      14       2       7 
      6       3      15      10 
     16       5       9       4 
220                 307.23       0.64
      1      12       8      13 
     14       7      11       2 
     15       6      10       3 
      4       9       5      16 
221                 307.95       0.72
      1      12       8      13 
     15       6      10       3 
     14       7      11       2 
      4       9       5      16 
222                 319.10      11.14
      1      12      13       8 
      2      14       7      11 
     15       3      10       6 
     16       5       4       9 
223                 319.33       0.23
      1      12      13       8 
      3      15      10       6 
     16       2       7       9 
     14       5       4      11 
224                 319.91       0.58
      1      12      13       8 
      6      10       3      15 
     11       7      14       2 
     16       5       4       9 
225                 320.03       0.12
      1      12      13       8 
      6      15      10       3 
     16       5       4       9 
     11       2       7      14 
226                 320.34       0.31
      1      12      13       8 
      7      14      11       2 
     16       5       4       9 
     10       3       6      15 
227                 321.70       1.36
      1      12      13       8 
     11      14       7       2 
      6       3      10      15 
     16       5       4       9 
228                 322.21       0.51
      1      12      13       8 
     14       7       2      11 
      4       9      16       5 
     15       6       3      10 
229                 322.97       0.76
      1      12      13       8 
     15       6       3      10 
      4       9      16       5 
     14       7       2      11 
230                 323.22       0.25
      1      12      13       8 
     15      10       3       6 
      2       7      14      11 
     16       5       4       9 
231                 323.99       0.77
      1      12      13       8 
     16       7       2       9 
      3      10      15       6 
     14       5       4      11 
232                 324.11       0.12
      1      12      13       8 
     16       9       4       5 
      2       7      14      11 
     15       6       3      10 
233                 324.72       0.61
      1      12      14       7 
      4      15       9       6 
     13       2       8      11 
     16       5       3      10 
234                 325.20       0.48
      1      12      14       7 
      6      15       9       4 
     11       2       8      13 
     16       5       3      10 
235                 325.58       0.37
      1      12      14       7 
      8      13      11       2 
     15       6       4       9 
     10       3       5      16 
236                 326.73       1.15
      1      12      14       7 
     11       8       2      13 
      6       9      15       4 
     16       5       3      10 
237                 327.28       0.55
      1      12      14       7 
     13       8       2      11 
      4       9      15       6 
     16       5       3      10 
238                 328.02       0.74
      1      12      14       7 
     15       6       4       9 
      8      13      11       2 
     10       3       5      16 
239                 329.45       1.44
      1      12      15       6 
      3      13       8      10 
     14       4       9       7 
     16       5       2      11 
240                 329.66       0.20
      1      12      15       6 
      4      14       9       7 
     13       3       8      10 
     16       5       2      11 
241                 330.01       0.35
      1      12      15       6 
      7       9       4      14 
     10       8      13       3 
     16       5       2      11 
242                 330.17       0.16
      1      12      15       6 
      7      14       9       4 
     10       3       8      13 
     16       5       2      11 
243                 330.55       0.38
      1      12      15       6 
      8      13      10       3 
     14       7       4       9 
     11       2       5      16 
244                 331.29       0.74
      1      12      15       6 
     10       8       3      13 
      7       9      14       4 
     16       5       2      11 
245                 331.49       0.19
      1      12      15       6 
     10      13       8       3 
      7       4       9      14 
     16       5       2      11 
246                 332.45       0.97
      1      12      15       6 
     13       8       3      10 
      4       9      14       7 
     16       5       2      11 
247                 333.16       0.71
      1      12      15       6 
     14       7       4       9 
      8      13      10       3 
     11       2       5      16 
248                 333.33       0.17
      1      12      15       6 
     14       9       4       7 
      3       8      13      10 
     16       5       2      11 
249                 341.61       8.28
      1      13       4      16 
      8      12       5       9 
     14       2      15       3 
     11       7      10       6 
250                 341.61       0.00
      1      13       4      16 
      8      12       5       9 
     15       3      14       2 
     10       6      11       7 
251                 343.87       2.26
      1      13       4      16 
     12       8       9       5 
     14       2      15       3 
      7      11       6      10 
252                 343.88       0.00
      1      13       4      16 
     12       8       9       5 
     15       3      14       2 
      6      10       7      11 
253                 344.77       0.90
      1      13       4      16 
     14       8       9       3 
     12       2      15       5 
      7      11       6      10 
254                 344.95       0.18
      1      13       4      16 
     14      12       5       3 
      8       2      15       9 
     11       7      10       6 
255                 345.68       0.73
      1      13       4      16 
     15       8       9       2 
     12       3      14       5 
      6      10       7      11 
256                 345.85       0.17
      1      13       4      16 
     15      12       5       2 
      8       3      14       9 
     10       6      11       7 
257                 355.70       9.85
      1      13       8      12 
      3      15       6      10 
     16       2      11       5 
     14       4       9       7 
258                 355.94       0.25
      1      13       8      12 
      4      16       5       9 
     14       2      11       7 
     15       3      10       6 
259                 355.94       0.00
      1      13       8      12 
      4      16       5       9 
     15       3      10       6 
     14       2      11       7 
260                 360.04       4.09
      1      13       8      12 
     16       4       9       5 
     10       6      15       3 
      7      11       2      14 
261                 360.04       0.01
      1      13       8      12 
     16       4       9       5 
     11       7      14       2 
      6      10       3      15 
262                 360.56       0.52
      1      13       8      12 
     16      11       2       5 
      3       6      15      10 
     14       4       9       7 
263                 369.63       9.07
      1      13      12       8 
      2      14       7      11 
     15       3      10       6 
     16       4       5       9 
264                 369.63       0.00
      1      13      12       8 
      2      14       7      11 
     16       4       9       5 
     15       3       6      10 
265                 369.86       0.23
      1      13      12       8 
      3      15      10       6 
     16       2       7       9 
     14       4       5      11 
266                 370.08       0.23
      1      13      12       8 
      4      16       9       5 
     14       2       7      11 
     15       3       6      10 
267                 370.09       0.00
      1      13      12       8 
      4      16       9       5 
     15       3       6      10 
     14       2       7      11 
268                 370.46       0.38
      1      13      12       8 
      6      10       3      15 
     11       7      14       2 
     16       4       5       9 
269                 372.31       1.85
      1      13      12       8 
     11      14       7       2 
      6       3      10      15 
     16       4       5       9 
270                 373.94       1.63
      1      13      12       8 
     15      10       3       6 
      2       7      14      11 
     16       4       5       9 
271                 374.40       0.46
      1      13      12       8 
     16       4       5       9 
      6      10      15       3 
     11       7       2      14 
272                 374.41       0.00
      1      13      12       8 
     16       4       5       9 
      7      11      14       2 
     10       6       3      15 
273                 374.75       0.34
      1      13      12       8 
     16       7       2       9 
      3      10      15       6 
     14       4       5      11 
274                 385.14      10.39
      1      13      16       4 
      6      10       7      11 
     12       8       9       5 
     15       3       2      14 
275                 385.97       0.84
      1      13      16       4 
      8      12       9       5 
     10       6       7      11 
     15       3       2      14 
276                 385.98       0.00
      1      13      16       4 
      8      12       9       5 
     11       7       6      10 
     14       2       3      15 
277                 388.12       2.15
      1      13      16       4 
     12       8       5       9 
      6      10      11       7 
     15       3       2      14 
278                 388.12       0.00
      1      13      16       4 
     12       8       5       9 
      7      11      10       6 
     14       2       3      15 
279                 388.28       0.15
      1      13      16       4 
     12      10       7       5 
      6       8       9      11 
     15       3       2      14 
280                 393.00       4.73
      1      14       3      16 
     10      11       6       7 
     15       4      13       2 
      8       5      12       9 
281                 394.46       1.45
      1      14       3      16 
     12       9       8       5 
     15       4      13       2 
      6       7      10      11 
282                 396.30       1.85
      1      14       3      16 
     15       9       8       2 
     12       4      13       5 
      6       7      10      11 
283                 396.37       0.06
      1      14       3      16 
     15      11       6       2 
     10       4      13       7 
      8       5      12       9 
284                 397.41       1.05
      1      14       4      15 
      7      12       6       9 
     16       3      13       2 
     10       5      11       8 
285                 397.80       0.38
      1      14       4      15 
      8      11       5      10 
     13       2      16       3 
     12       7       9       6 
286                 398.32       0.53
      1      14       4      15 
      9      12       6       7 
     16       5      11       2 
      8       3      13      10 
287                 399.34       1.02
      1      14       4      15 
     11       8      10       5 
     16       3      13       2 
      6       9       7      12 
288                 399.90       0.56
      1      14       4      15 
     12       7       9       6 
     13       2      16       3 
      8      11       5      10 
289                 401.70       1.80
      1      14       4      15 
     16      11       5       2 
      9       6      12       7 
      8       3      13      10 
290                 406.89       5.19
      1      14       7      12 
      4      15       6       9 
     16       3      10       5 
     13       2      11       8 
291                 407.38       0.49
      1      14       7      12 
      6      15       4       9 
     11       2      13       8 
     16       3      10       5 
292                 407.69       0.31
      1      14       7      12 
      8      11       2      13 
     10       5      16       3 
     15       4       9       6 
293                 407.72       0.04
      1      14       7      12 
      8      13       2      11 
      9       4      15       6 
     16       3      10       5 
294                 408.14       0.42
      1      14       7      12 
      9      15       4       6 
      8       2      13      11 
     16       3      10       5 
295                 408.96       0.82
      1      14       7      12 
     11       8      13       2 
     16       3      10       5 
      6       9       4      15 
296                 409.02       0.06
      1      14       7      12 
     11      13       2       8 
      6       4      15       9 
     16       3      10       5 
297                 410.00       0.97
      1      14       7      12 
     15       4       9       6 
     10       5      16       3 
      8      11       2      13 
298                 411.03       1.03
      1      14       7      12 
     16       5      10       3 
      9       4      15       6 
      8      11       2      13 
299                 411.79       0.76
      1      14       8      11 
      4      15       5      10 
     13       2      12       7 
     16       3       9       6 
300                 412.62       0.84
      1      14       8      11 
      7      12       2      13 
     10       5      15       4 
     16       3       9       6 
301                 413.51       0.88
      1      14       8      11 
     10      15       5       4 
      7       2      12      13 
     16       3       9       6 
302                 413.99       0.48
      1      14       8      11 
     12       7      13       2 
     15       4      10       5 
      6       9       3      16 
303                 414.73       0.74
      1      14       8      11 
     13      12       2       7 
      4       5      15      10 
     16       3       9       6 
304                 415.18       0.45
      1      14       8      11 
     15       4      10       5 
     12       7      13       2 
      6       9       3      16 
305                 426.68      11.50
      1      14      11       8 
      4      15      10       5 
     16       3       6       9 
     13       2       7      12 
306                 427.54       0.86
      1      14      11       8 
      7      12      13       2 
     16       3       6       9 
     10       5       4      15 
307                 427.58       0.04
      1      14      11       8 
      7      13      12       2 
     16       4       5       9 
     10       3       6      15 
308                 428.87       1.29
      1      14      11       8 
     12       7       2      13 
      6       9      16       3 
     15       4       5      10 
309                 430.07       1.21
      1      14      11       8 
     15       4       5      10 
      6       9      16       3 
     12       7       2      13 
310                 431.07       0.99
      1      14      11       8 
     16       5       4       9 
      7      12      13       2 
     10       3       6      15 
311                 431.95       0.88
      1      14      12       7 
      4      15       9       6 
     13       2       8      11 
     16       3       5      10 
312                 432.42       0.47
      1      14      12       7 
      6      15       9       4 
     11       2       8      13 
     16       3       5      10 
313                 432.75       0.33
      1      14      12       7 
      8      11      13       2 
     15       4       6       9 
     10       5       3      16 
314                 433.94       1.20
      1      14      12       7 
     11       8       2      13 
      6       9      15       4 
     16       3       5      10 
315                 434.49       0.55
      1      14      12       7 
     13       8       2      11 
      4       9      15       6 
     16       3       5      10 
316                 435.02       0.53
      1      14      12       7 
     15       4       6       9 
      8      11      13       2 
     10       5       3      16 
317                 441.60       6.58
      1      14      15       4 
      5      11       8      10 
     12       6       9       7 
     16       3       2      13 
318                 441.90       0.29
      1      14      15       4 
      6      12       9       7 
     11       5       8      10 
     16       3       2      13 
319                 442.16       0.26
      1      14      15       4 
      7       9       6      12 
     10       8      11       5 
     16       3       2      13 
320                 442.26       0.10
      1      14      15       4 
      7      12       9       6 
     10       5       8      11 
     16       3       2      13 
321                 442.65       0.39
      1      14      15       4 
      8      11      10       5 
     12       7       6       9 
     13       2       3      16 
322                 443.58       0.93
      1      14      15       4 
     10       8       5      11 
      7       9      12       6 
     16       3       2      13 
323                 443.69       0.12
      1      14      15       4 
     10      11       8       5 
      7       6       9      12 
     16       3       2      13 
324                 444.15       0.46
      1      14      15       4 
     11       8       5      10 
      6       9      12       7 
     16       3       2      13 
325                 444.73       0.58
      1      14      15       4 
     12       7       6       9 
      8      11      10       5 
     13       2       3      16 
326                 444.87       0.14
      1      14      15       4 
     12       9       6       7 
      5       8      11      10 
     16       3       2      13 
327                 456.92      12.05
      1      15       2      16 
     12      10       7       5 
     13       3      14       4 
      8       6      11       9 
328                 457.76       0.84
      1      15       2      16 
     13      10       7       4 
     12       3      14       5 
      8       6      11       9 
329                 459.32       1.56