1                     3.95       3.95
      1       2      15      16 
     12      14       3       5 
     13       7      10       4 
      8      11       6       9 
2                     4.70       0.75
      1       2      15      16 
     13      14       3       4 
     12       7      10       5 
      8      11       6       9 
3                    10.14       5.44
      1       2      16      15 
     13      14       4       3 
     12       7       9       6 
      8      11       5      10 
4                    13.47       3.32
      1       3      14      16 
     10      13       4       7 
     15       6      11       2 
      8      12       5       9 
5                    14.79       1.32
      1       3      14      16 
     12      13       4       5 
     15       8       9       2 
      6      10       7      11 
6                    16.50       1.71
      1       3      14      16 
     15      13       4       2 
     10       6      11       7 
      8      12       5       9 
7                    16.51       0.01
      1       3      14      16 
     15      13       4       2 
     12       8       9       5 
      6      10       7      11 
8                    18.00       1.48
      1       3      16      14 
      8      15       2       9 
     13       6      11       4 
     12      10       5       7 
9                    20.26       2.26
      1       3      16      14 
     12      15       2       5 
     13      10       7       4 
      8       6       9      11 
10                   21.04       0.78
      1       3      16      14 
     13      15       2       4 
      8       6      11       9 
     12      10       5       7 
11                   21.06       0.02
      1       3      16      14 
     13      15       2       4 
     12      10       7       5 
      8       6       9      11 
12                   23.39       2.32
      1       4      13      16 
      8      14       3       9 
     15       5      12       2 
     10      11       6       7 
13                   23.45       0.07
      1       4      13      16 
      8      15       2       9 
     14       5      12       3 
     11      10       7       6 
14                   25.78       2.32
      1       4      13      16 
     12      14       3       5 
     15       9       8       2 
      6       7      10      11 
15                   25.85       0.07
      1       4      13      16 
     12      15       2       5 
     14       9       8       3 
      7       6      11      10 
16                   26.63       0.78
      1       4      13      16 
     14      15       2       3 
      8       5      12       9 
     11      10       7       6 
17                   26.65       0.02
      1       4      13      16 
     14      15       2       3 
     12       9       8       5 
      7       6      11      10 
18                   27.49       0.84
      1       4      13      16 
     15      14       3       2 
      8       5      12       9 
     10      11       6       7 
19                   27.51       0.02
      1       4      13      16 
     15      14       3       2 
     12       9       8       5 
      6       7      10      11 
20                   29.34       1.83
      1       4      14      15 
      9      12       6       7 
     16       5      11       2 
      8      13       3      10 
21                   31.88       2.54
      1       4      14      15 
     13      16       2       3 
      8       5      11      10 
     12       9       7       6 
22                   31.90       0.02
      1       4      14      15 
     13      16       2       3 
     12       9       7       6 
      8       5      11      10 
23                   32.62       0.72
      1       4      14      15 
     16      11       5       2 
      9       6      12       7 
      8      13       3      10 
24                   32.68       0.06
      1       4      14      15 
     16      13       3       2 
      7       6      12       9 
     10      11       5       8 
25                   32.70       0.02
      1       4      14      15 
     16      13       3       2 
     11      10       8       5 
      6       7       9      12 
26                   34.49       1.79
      1       4      15      14 
      9      12       7       6 
     16       5      10       3 
      8      13       2      11 
27                   36.95       2.46
      1       4      15      14 
     13      16       3       2 
      8       5      10      11 
     12       9       6       7 
28                   36.97       0.02
      1       4      15      14 
     13      16       3       2 
     12       9       6       7 
      8       5      10      11 
29                   37.57       0.59
      1       4      15      14 
     16      10       5       3 
      9       7      12       6 
      8      13       2      11 
30                   37.67       0.10
      1       4      15      14 
     16      13       2       3 
      6       7      12       9 
     11      10       5       8 
31                   37.69       0.02
      1       4      15      14 
     16      13       2       3 
     10      11       8       5 
      7       6       9      12 
32                   42.07       4.38
      1       4      16      13 
     14      15       3       2 
      7       6      10      11 
     12       9       5       8 
33                   42.09       0.02
      1       4      16      13 
     14      15       3       2 
     11      10       6       7 
      8       5       9      12 
34                   42.80       0.71
      1       4      16      13 
     15      14       2       3 
      6       7      11      10 
     12       9       5       8 
35                   42.82       0.02
      1       4      16      13 
     15      14       2       3 
     10      11       7       6 
      8       5       9      12 
36                   45.38       2.56
      1       5      12      16 
     10      11       6       7 
     15       4      13       2 
      8      14       3       9 
37                   47.63       2.25
      1       5      12      16 
     14      11       6       3 
     15       8       9       2 
      4      10       7      13 
38                   48.51       0.88
      1       5      12      16 
     15      11       6       2 
     10       4      13       7 
      8      14       3       9 
39                   48.52       0.01
      1       5      12      16 
     15      11       6       2 
     14       8       9       3 
      4      10       7      13 
40                   58.91      10.39
      1       5      16      12 
      8      14       3       9 
     10       4      13       7 
     15      11       2       6 
41                   59.88       0.98
      1       5      16      12 
     10      14       3       7 
      8       4      13       9 
     15      11       2       6 
42                   59.90       0.02
      1       5      16      12 
     10      14       3       7 
     15      11       6       2 
      8       4       9      13 
43                   62.85       2.95
      1       5      16      12 
     15      14       3       2 
     10      11       6       7 
      8       4       9      13 
44                   64.03       1.19
      1       6      11      16 
      7      15       2      10 
     14       4      13       3 
     12       9       8       5 
45                   64.41       0.38
      1       6      11      16 
      8      12       5       9 
     15       3      14       2 
     10      13       4       7 
46                   64.55       0.14
      1       6      11      16 
      8      15       2       9 
     12       3      14       5 
     13      10       7       4 
47                   66.12       1.57
      1       6      11      16 
     12      10       7       5 
     13       3      14       4 
      8      15       2       9 
48                   66.27       0.15
      1       6      11      16 
     12      15       2       5 
      8       3      14       9 
     13      10       7       4 
49                   66.28       0.01
      1       6      11      16 
     12      15       2       5 
     14       9       8       3 
      7       4      13      10 
50                   66.87       0.58
      1       6      11      16 
     13      10       7       4 
     12       3      14       5 
      8      15       2       9 
51                   67.77       0.91
      1       6      11      16 
     14      12       5       3 
     15       9       8       2 
      4       7      10      13 
52                   67.88       0.10
      1       6      11      16 
     14      15       2       3 
      7       4      13      10 
     12       9       8       5 
53                   67.90       0.02
      1       6      11      16 
     14      15       2       3 
     12       9       8       5 
      7       4      13      10 
54                   68.70       0.81
      1       6      11      16 
     15      12       5       2 
      8       3      14       9 
     10      13       4       7 
55                   68.72       0.02
      1       6      11      16 
     15      12       5       2 
     14       9       8       3 
      4       7      10      13 
56                   71.63       2.91
      1       6      12      15 
     11      16       2       5 
      8       3      13      10 
     14       9       7       4 
57                   71.65       0.01
      1       6      12      15 
     11      16       2       5 
     14       9       7       4 
      8       3      13      10 
58                   72.21       0.57
      1       6      12      15 
     13      10       8       3 
     16       7       9       2 
      4      11       5      14 
59                   73.70       1.48
      1       6      12      15 
     16       9       7       2 
     13       8      10       3 
      4      11       5      14 
60                   73.84       0.14
      1       6      12      15 
     16      11       5       2 
      7       4      14       9 
     10      13       3       8 
61                   73.86       0.02
      1       6      12      15 
     16      11       5       2 
     13      10       8       3 
      4       7       9      14 
62                   86.17      12.31
      1       6      15      12 
     11      16       5       2 
      8       3      10      13 
     14       9       4       7 
63                   86.19       0.01
      1       6      15      12 
     11      16       5       2 
     14       9       4       7 
      8       3      10      13 
64                   88.16       1.97
      1       6      15      12 
     16      11       2       5 
      4       7      14       9 
     13      10       3       8 
65                   88.18       0.02
      1       6      15      12 
     16      11       2       5 
     10      13       8       3 
      7       4       9      14 
66                   91.55       3.37
      1       6      16      11 
     12      15       5       2 
      7       4      10      13 
     14       9       3       8 
67                   91.56       0.01
      1       6      16      11 
     12      15       5       2 
     13      10       4       7 
      8       3       9      14 
68                   93.68       2.12
      1       6      16      11 
     15      12       2       5 
      4       7      13      10 
     14       9       3       8 
69                   93.70       0.02
      1       6      16      11 
     15      12       2       5 
     10      13       7       4 
      8       3       9      14 
70                   95.34       1.64
      1       7      10      16 
      8      12       5       9 
     14       2      15       3 
     11      13       4       6 
71                   95.41       0.07
      1       7      10      16 
      8      14       3       9 
     12       2      15       5 
     13      11       6       4 
72                   96.79       1.38
      1       7      10      16 
     12       9       8       5 
     15       4      13       2 
      6      14       3      11 
73                   96.95       0.16
      1       7      10      16 
     12      14       3       5 
      8       2      15       9 
     13      11       6       4 
74                   96.97       0.01
      1       7      10      16 
     12      14       3       5 
     15       9       8       2 
      6       4      13      11 
75                   98.23       1.26
      1       7      10      16 
     14       9       8       3 
     15       6      11       2 
      4      12       5      13 
76                   98.34       0.12
      1       7      10      16 
     14      12       5       3 
      8       2      15       9 
     11      13       4       6 
77                   98.36       0.02
      1       7      10      16 
     14      12       5       3 
     15       9       8       2 
      4       6      11      13 
78                   99.11       0.75
      1       7      10      16 
     15       9       8       2 
     12       4      13       5 
      6      14       3      11 
79                   99.12       0.01
      1       7      10      16 
     15       9       8       2 
     14       6      11       3 
      4      12       5      13 
80                   99.29       0.17
      1       7      10      16 
     15      12       5       2 
     14       9       8       3 
      4       6      11      13 
81                   99.39       0.10
      1       7      10      16 
     15      14       3       2 
     12       9       8       5 
      6       4      13      11 
82                  106.05       6.66
      1       7      12      14 
     10      16       3       5 
      8       2      13      11 
     15       9       6       4 
83                  106.07       0.01
      1       7      12      14 
     10      16       3       5 
     15       9       6       4 
      8       2      13      11 
84                  108.65       2.58
      1       7      12      14 
     16      10       5       3 
      6       4      15       9 
     11      13       2       8 
85                  108.67       0.02
      1       7      12      14 
     16      10       5       3 
     13      11       8       2 
      4       6       9      15 
86                  109.75       1.09
      1       7      14      12 
      6      15       4       9 
     11       2      13       8 
     16      10       3       5 
87                  110.10       0.34
      1       7      14      12 
      8      13       2      11 
      9       4      15       6 
     16      10       3       5 
88                  110.51       0.41
      1       7      14      12 
      9      15       4       6 
      8       2      13      11 
     16      10       3       5 
89                  110.52       0.01
      1       7      14      12 
      9      15       4       6 
     16      10       5       3 
      8       2      11      13 
90                  110.98       0.45
      1       7      14      12 
     10      16       5       3 
      8       2      11      13 
     15       9       4       6 
91                  110.99       0.01
      1       7      14      12 
     10      16       5       3 
     15       9       4       6 
      8       2      11      13 
92                  111.34       0.35
      1       7      14      12 
     11      13       2       8 
      6       4      15       9 
     16      10       3       5 
93                  113.47       2.13
      1       7      14      12 
     16      10       3       5 
      4       6      15       9 
     13      11       2       8 
94                  113.49       0.02
      1       7      14      12 
     16      10       3       5 
     11      13       8       2 
      6       4       9      15 
95                  120.18       6.69
      1       7      16      10 
     11      13       4       6 
     14      12       5       3 
      8       2       9      15 
96                  120.84       0.66
      1       7      16      10 
     12      14       5       3 
      6       4      11      13 
     15       9       2       8 
97                  120.85       0.01
      1       7      16      10 
     12      14       5       3 
     13      11       4       6 
      8       2       9      15 
98                  122.11       1.26
      1       7      16      10 
     14      12       3       5 
      4       6      13      11 
     15       9       2       8 
99                  122.13       0.02
      1       7      16      10 
     14      12       3       5 
     11      13       6       4 
      8       2       9      15 
100                 122.24       0.10
      1       7      16      10 
     14      13       4       3 
     11      12       5       6 
      8       2       9      15 
101                 124.81       2.57
      1       8       9      16 
      7      13       4      10 
     14       2      15       3 
     12      11       6       5 
102                 128.18       3.37
      1       8       9      16 
     14      13       4       3 
      7       2      15      10 
     12      11       6       5 
103                 129.92       1.75
      1       8      10      15 
      5      14       4      11 
     16       3      13       2 
     12       9       7       6 
104                 131.52       1.60
      1       8      10      15 
     11      14       4       5 
     16       9       7       2 
      6       3      13      12 
105                 132.11       0.58
      1       8      10      15 
     12      13       3       6 
      7       2      16       9 
     14      11       5       4 
106                 132.80       0.69
      1       8      10      15 
     13      12       6       3 
     16       9       7       2 
      4       5      11      14 
107                 133.53       0.73
      1       8      10      15 
     14      11       5       4 
      7       2      16       9 
     12      13       3       6 
108                 134.56       1.03
      1       8      10      15 
     16      13       3       2 
      5       4      14      11 
     12       9       7       6 
109                 136.79       2.23
      1       8      11      14 
     10      15       4       5 
     16       9       6       3 
      7       2      13      12 
110                 137.30       0.50
      1       8      11      14 
     12      13       2       7 
      6       3      16       9 
     15      10       5       4 
111                 138.06       0.76
      1       8      11      14 
     13      12       7       2 
     16       9       6       3 
      4       5      10      15 
112                 138.76       0.70
      1       8      11      14 
     15      10       5       4 
      6       3      16       9 
     12      13       2       7 
113                 140.85       2.09
      1       8      12      13 
      6      15       3      10 
     11       2      14       7 
     16       9       5       4 
114                 141.13       0.28
      1       8      12      13 
      7      14       2      11 
     10       3      15       6 
     16       9       5       4 
115                 141.94       0.81
      1       8      12      13 
     10      15       3       6 
      7       2      14      11 
     16       9       5       4 
116                 142.38       0.44
      1       8      12      13 
     11      14       2       7 
      6       3      15      10 
     16       9       5       4 
117                 143.25       0.87
      1       8      12      13 
     14      11       7       2 
     15      10       6       3 
      4       5       9      16 
118                 143.96       0.71
      1       8      12      13 
     15      10       6       3 
     14      11       7       2 
      4       5       9      16 
119                 145.27       1.32
      1       8      13      12 
      3      15       6      10 
     16       2      11       5 
     14       9       4       7 
120                 147.15       1.88
      1       8      13      12 
     10      15       6       3 
     16       9       4       5 
      7       2      11      14 
121                 147.62       0.47
      1       8      13      12 
     11      14       7       2 
     16       9       4       5 
      6       3      10      15 
122                 148.30       0.68
      1       8      13      12 
     14      11       2       7 
      4       5      16       9 
     15      10       3       6 
123                 149.03       0.73
      1       8      13      12 
     15      10       3       6 
      4       5      16       9 
     14      11       2       7 
124                 150.04       1.01
      1       8      13      12 
     16      11       2       5 
      3       6      15      10 
     14       9       4       7 
125                 150.56       0.52
      1       8      14      11 
      4      15       5      10 
     13       2      12       7 
     16       9       3       6 
126                 151.38       0.82
      1       8      14      11 
      7      12       2      13 
     10       5      15       4 
     16       9       3       6 
127                 152.25       0.87
      1       8      14      11 
     10      15       5       4 
      7       2      12      13 
     16       9       3       6 
128                 152.81       0.55
      1       8      14      11 
     12      13       7       2 
     15      10       4       5 
      6       3       9      16 
129                 153.38       0.57
      1       8      14      11 
     13      12       2       7 
      4       5      15      10 
     16       9       3       6 
130                 154.14       0.76
      1       8      14      11 
     15      10       4       5 
     12      13       7       2 
      6       3       9      16 
131                 155.56       1.41
      1       8      15      10 
      4      14       5      11 
     13       3      12       6 
     16       9       2       7 
132                 156.10       0.55
      1       8      15      10 
      6      12       3      13 
     11       5      14       4 
     16       9       2       7 
133                 157.41       1.30
      1       8      15      10 
     11      14       5       4 
      6       3      12      13 
     16       9       2       7 
134                 158.02       0.61
      1       8      15      10 
     12      13       6       3 
     14      11       4       5 
      7       2       9      16 
135                 158.59       0.57
      1       8      15      10 
     13      12       3       6 
      4       5      14      11 
     16       9       2       7 
136                 159.34       0.75
      1       8      15      10 
     14      11       4       5 
     12      13       6       3 
      7       2       9      16 
137                 167.95       8.60
      1       9       8      16 
      7      15       2      10 
     14       4      13       3 
     12       6      11       5 
138                 171.32       3.37
      1       9       8      16 
     14      15       2       3 
      7       4      13      10 
     12       6      11       5 
139                 191.16      19.84
      1       9      16       8 
      4      12       5      13 
     14       6      11       3 
     15       7       2      10 
140                 191.16       0.00
      1       9      16       8 
      4      12       5      13 
     15       7      10       2 
     14       6       3      11 
141                 192.40       1.24
      1       9      16       8 
      7      15      10       2 
     14       4       5      11 
     12       6       3      13 
142                 195.63       3.23
      1       9      16       8 
     14      12       5       3 
      4       6      11      13 
     15       7       2      10 
143                 196.63       1.00
      1       9      16       8 
     15      12       5       2 
      4       7      10      13 
     14       6       3      11 
144                 198.27       1.63
      1      10       7      16 
      8      15       2       9 
     12       3      14       5 
     13       6      11       4 
145                 198.27       0.00
      1      10       7      16 
      8      15       2       9 
     14       5      12       3 
     11       4      13       6 
146                 199.66       1.39
      1      10       7      16 
     12       8       9       5 
     15       3      14       2 
      6      13       4      11 
147                 199.80       0.14
      1      10       7      16 
     12      13       4       5 
     15       8       9       2 
      6       3      14      11 
148                 199.87       0.07
      1      10       7      16 
     12      15       2       5 
      8       3      14       9 
     13       6      11       4 
149                 201.12       1.25
      1      10       7      16 
     14       8       9       3 
     15       5      12       2 
      4      11       6      13 
150                 201.23       0.11
      1      10       7      16 
     14      11       6       3 
     15       8       9       2 
      4       5      12      13 
151                 201.35       0.12
      1      10       7      16 
     14      15       2       3 
      8       5      12       9 
     11       4      13       6 
152                 202.01       0.66
      1      10       7      16 
     15       8       9       2 
     12       3      14       5 
      6      13       4      11 
153                 202.02       0.01
      1      10       7      16 
     15       8       9       2 
     14       5      12       3 
      4      11       6      13 
154                 202.16       0.15
      1      10       7      16 
     15      11       6       2 
     14       8       9       3 
      4       5      12      13 
155                 202.25       0.09
      1      10       7      16 
     15      13       4       2 
     12       8       9       5 
      6       3      14      11 
156                 203.02       0.77
      1      10       8      15 
      5      14       4      11 
     16       3      13       2 
     12       7       9       6 
157                 203.77       0.75
      1      10       8      15 
      7      16       2       9 
     12       3      13       6 
     14       5      11       4 
158                 203.77       0.00
      1      10       8      15 
      7      16       2       9 
     14       5      11       4 
     12       3      13       6 
159                 207.44       3.66
      1      10       8      15 
     16       7       9       2 
     11       4      14       5 
      6      13       3      12 
160                 207.45       0.01
      1      10       8      15 
     16       7       9       2 
     13       6      12       3 
      4      11       5      14 
161                 207.70       0.25
      1      10       8      15 
     16      13       3       2 
      5       4      14      11 
     12       7       9       6 
162                 227.68      19.97
      1      10      15       8 
      3      13       6      12 
     14       4      11       5 
     16       7       2       9 
163                 228.08       0.40
      1      10      15       8 
      5      11       4      14 
     12       6      13       3 
     16       7       2       9 
164                 228.20       0.11
      1      10      15       8 
      5      14      11       4 
     16       3       6       9 
     12       7       2      13 
165                 228.92       0.72
      1      10      15       8 
      7      16       9       2 
     12       3       6      13 
     14       5       4      11 
166                 228.92       0.00
      1      10      15       8 
      7      16       9       2 
     14       5       4      11 
     12       3       6      13 
167                 230.42       1.50
      1      10      15       8 
     12      13       6       3 
      5       4      11      14 
     16       7       2       9 
168                 231.82       1.40
      1      10      15       8 
     14      11       4       5 
      3       6      13      12 
     16       7       2       9 
169                 232.45       0.63
      1      10      15       8 
     16       6       3       9 
      5      11      14       4 
     12       7       2      13 
170                 232.52       0.07
      1      10      15       8 
     16       7       2       9 
      4      11      14       5 
     13       6       3      12 
171                 232.53       0.01
      1      10      15       8 
     16       7       2       9 
      6      13      12       3 
     11       4       5      14 
172                 234.29       1.76
      1      10      16       7 
      8      15       9       2 
     11       4       6      13 
     14       5       3      12 
173                 234.29       0.00
      1      10      16       7 
      8      15       9       2 
     13       6       4      11 
     12       3       5      14 
174                 237.85       3.56
      1      10      16       7 
     15       8       2       9 
      4      11      13       6 
     14       5       3      12 
175                 237.86       0.01
      1      10      16       7 
     15       8       2       9 
      6      13      11       4 
     12       3       5      14 
176                 239.38       1.52
      1      11       6      16 
      7      13       4      10 
     14       2      15       3 
     12       8       9       5 
177                 239.93       0.55
      1      11       6      16 
      8      14       3       9 
     12       2      15       5 
     13       7      10       4 
178                 239.93       0.00
      1      11       6      16 
      8      14       3       9 
     15       5      12       2 
     10       4      13       7 
179                 241.55       1.62
      1      11       6      16 
     12       8       9       5 
     14       2      15       3 
      7      13       4      10 
180                 241.72       0.17
      1      11       6      16 
     12      14       3       5 
      8       2      15       9 
     13       7      10       4 
181                 241.72       0.01
      1      11       6      16 
     12      14       3       5 
     13       7      10       4 
      8       2      15       9 
182                 242.51       0.79
      1      11       6      16 
     13      14       3       4 
     12       7      10       5 
      8       2      15       9 
183                 243.15       0.64
      1      11       6      16 
     14       8       9       3 
     12       2      15       5 
      7      13       4      10 
184                 243.16       0.01
      1      11       6      16 
     14       8       9       3 
     15       5      12       2 
      4      10       7      13 
185                 243.36       0.20
      1      11       6      16 
     14      13       4       3 
      7       2      15      10 
     12       8       9       5 
186                 244.10       0.74
      1      11       6      16 
     15       8       9       2 
     14       5      12       3 
      4      10       7      13 
187                 244.34       0.24
      1      11       6      16 
     15      14       3       2 
      8       5      12       9 
     10       4      13       7 
188                 250.03       5.69
      1      11       8      14 
      6      16       3       9 
     12       2      13       7 
     15       5      10       4 
189                 250.04       0.01
      1      11       8      14 
      6      16       3       9 
     15       5      10       4 
     12       2      13       7 
190                 253.93       3.89
      1      11       8      14 
     16       6       9       3 
     10       4      15       5 
      7      13       2      12 
191                 253.94       0.01
      1      11       8      14 
     16       6       9       3 
     13       7      12       2 
      4      10       5      15 
192                 274.39      20.45
      1      11      14       8 
      6      16       9       3 
     12       2       7      13 
     15       5       4      10 
193                 274.39       0.00
      1      11      14       8 
      6      16       9       3 
     15       5       4      10 
     12       2       7      13 
194                 274.70       0.31
      1      11      14       8 
      7      13      12       2 
     16       4       5       9 
     10       6       3      15 
195                 278.14       3.43
      1      11      14       8 
     16       5       4       9 
      7      12      13       2 
     10       6       3      15 
196                 278.25       0.11
      1      11      14       8 
     16       6       3       9 
      4      10      15       5 
     13       7       2      12 
197                 278.26       0.01
      1      11      14       8 
     16       6       3       9 
      7      13      12       2 
     10       4       5      15 
198                 284.75       6.50
      1      11      16       6 
      8      14       9       3 
     10       4       7      13 
     15       5       2      12 
199                 284.76       0.01
      1      11      16       6 
      8      14       9       3 
     13       7       4      10 
     12       2       5      15 
200                 287.80       3.04
      1      11      16       6 
     14       8       3       9 
      4      10      13       7 
     15       5       2      12 
201                 287.80       0.01
      1      11      16       6 
     14       8       3       9 
      7      13      10       4 
     12       2       5      15 
202                 291.82       4.01
      1      12       5      16 
     10      13       4       7 
     15       6      11       2 
      8       3      14       9 
203                 293.98       2.16
      1      12       5      16 
     14       9       8       3 
     15       6      11       2 
      4       7      10      13 
204                 294.95       0.97
      1      12       5      16 
     15       9       8       2 
     14       6      11       3 
      4       7      10      13 
205                 295.05       0.10
      1      12       5      16 
     15      13       4       2 
     10       6      11       7 
      8       3      14       9 
206                 296.06       1.01
      1      12       6      15 
      7      14       4       9 
     16       5      11       2 
     10       3      13       8 
207                 296.46       0.40
      1      12       6      15 
      8      13       3      10 
     11       2      16       5 
     14       7       9       4 
208                 298.47       2.02
      1      12       6      15 
     13       8      10       3 
     16       5      11       2 
      4       9       7      14 
209                 298.60       0.13
      1      12       6      15 
     13      10       8       3 
     16       7       9       2 
      4       5      11      14 
210                 299.16       0.56
      1      12       6      15 
     14       7       9       4 
     11       2      16       5 
      8      13       3      10 
211                 300.15       0.99
      1      12       6      15 
     16       9       7       2 
     13       8      10       3 
      4       5      11      14 
212                 301.23       1.08
      1      12       7      14 
      6      15       4       9 
     16       5      10       3 
     11       2      13       8 
213                 301.59       0.36
      1      12       7      14 
      8      13       2      11 
     10       3      16       5 
     15       6       9       4 
214                 303.44       1.85
      1      12       7      14 
     13       8      11       2 
     16       5      10       3 
      4       9       6      15 
215                 304.14       0.69
      1      12       7      14 
     15       6       9       4 
     10       3      16       5 
      8      13       2      11 
216                 306.36       2.23
      1      12       8      13 
      6      15       3      10 
     11       2      14       7 
     16       5       9       4 
217                 306.66       0.29
      1      12       8      13 
      7      14       2      11 
     10       3      15       6 
     16       5       9       4 
218                 307.49       0.83
      1      12       8      13 
     10      15       3       6 
      7       2      14      11 
     16       5       9       4 
219                 307.97       0.49
      1      12       8      13 
     11      14       2       7 
      6       3      15      10 
     16       5       9       4 
220                 308.61       0.64
      1      12       8      13 
     14       7      11       2 
     15       6      10       3 
      4       9       5      16 
221                 309.33       0.71
      1      12       8      13 
     15       6      10       3 
     14       7      11       2 
      4       9       5      16 
222                 320.49      11.16
      1      12      13       8 
      2      14       7      11 
     15       3      10       6 
     16       5       4       9 
223                 320.72       0.23
      1      12      13       8 
      3      15      10       6 
     16       2       7       9 
     14       5       4      11 
224                 321.31       0.59
      1      12      13       8 
      6      10       3      15 
     11       7      14       2 
     16       5       4       9 
225                 321.43       0.12
      1      12      13       8 
      6      15      10       3 
     16       5       4       9 
     11       2       7      14 
226                 321.74       0.31
      1      12      13       8 
      7      14      11       2 
     16       5       4       9 
     10       3       6      15 
227                 323.11       1.36
      1      12      13       8 
     11      14       7       2 
      6       3      10      15 
     16       5       4       9 
228                 323.62       0.52
      1      12      13       8 
     14       7       2      11 
      4       9      16       5 
     15       6       3      10 
229                 324.38       0.75
      1      12      13       8 
     15       6       3      10 
      4       9      16       5 
     14       7       2      11 
230                 324.62       0.25
      1      12      13       8 
     15      10       3       6 
      2       7      14      11 
     16       5       4       9 
231                 325.39       0.77
      1      12      13       8 
     16       7       2       9 
      3      10      15       6 
     14       5       4      11 
232                 325.51       0.12
      1      12      13       8 
     16       9       4       5 
      2       7      14      11 
     15       6       3      10 
233                 326.13       0.62
      1      12      14       7 
      4      15       9       6 
     13       2       8      11 
     16       5       3      10 
234                 326.61       0.48
      1      12      14       7 
      6      15       9       4 
     11       2       8      13 
     16       5       3      10 
235                 327.00       0.38
