1                   129.47     129.47
      1       2      15      16 
     12      14       3       5 
     13       7      10       4 
      8      11       6       9 
2                   130.19       0.72
      1       2      15      16 
     13      14       3       4 
     12       7      10       5 
      8      11       6       9 
3                   135.57       5.38
      1       2      16      15 
     13      14       4       3 
     12       7       9       6 
      8      11       5      10 
4                   138.89       3.32
      1       3      14      16 
     10      13       4       7 
     15       6      11       2 
      8      12       5       9 
5                   140.19       1.30
      1       3      14      16 
     12      13       4       5 
     15       8       9       2 
      6      10       7      11 
6                   141.87       1.68
      1       3      14      16 
     15      13       4       2 
     10       6      11       7 
      8      12       5       9 
7                   141.88       0.01
      1       3      14      16 
     15      13       4       2 
     12       8       9       5 
      6      10       7      11 
8                   143.36       1.47
      1       3      16      14 
      8      15       2       9 
     13       6      11       4 
     12      10       5       7 
9                   145.58       2.22
      1       3      16      14 
     12      15       2       5 
     13      10       7       4 
      8       6       9      11 
10                  146.32       0.74
      1       3      16      14 
     13      15       2       4 
      8       6      11       9 
     12      10       5       7 
11                  146.34       0.02
      1       3      16      14 
     13      15       2       4 
     12      10       7       5 
      8       6       9      11 
12                  148.57       2.23
      1       4      13      16 
      8      14       3       9 
     15       5      12       2 
     10      11       6       7 
13                  148.63       0.06
      1       4      13      16 
      8      15       2       9 
     14       5      12       3 
     11      10       7       6 
14                  150.91       2.28
      1       4      13      16 
     12      14       3       5 
     15       9       8       2 
      6       7      10      11 
15                  150.98       0.07
      1       4      13      16 
     12      15       2       5 
     14       9       8       3 
      7       6      11      10 
16                  151.77       0.79
      1       4      13      16 
     14      15       2       3 
      8       5      12       9 
     11      10       7       6 
17                  151.79       0.02
      1       4      13      16 
     14      15       2       3 
     12       9       8       5 
      7       6      11      10 
18                  152.62       0.83
      1       4      13      16 
     15      14       3       2 
      8       5      12       9 
     10      11       6       7 
19                  152.64       0.02
      1       4      13      16 
     15      14       3       2 
     12       9       8       5 
      6       7      10      11 
20                  154.45       1.81
      1       4      14      15 
      9      12       6       7 
     16       5      11       2 
      8      13       3      10 
21                  156.95       2.49
      1       4      14      15 
     13      16       2       3 
      8       5      11      10 
     12       9       7       6 
22                  156.97       0.02
      1       4      14      15 
     13      16       2       3 
     12       9       7       6 
      8       5      11      10 
23                  157.70       0.73
      1       4      14      15 
     16      11       5       2 
      9       6      12       7 
      8      13       3      10 
24                  157.76       0.06
      1       4      14      15 
     16      13       3       2 
      7       6      12       9 
     10      11       5       8 
25                  157.79       0.02
      1       4      14      15 
     16      13       3       2 
     11      10       8       5 
      6       7       9      12 
26                  159.55       1.77
      1       4      15      14 
      9      12       7       6 
     16       5      10       3 
      8      13       2      11 
27                  161.98       2.43
      1       4      15      14 
     13      16       3       2 
      8       5      10      11 
     12       9       6       7 
28                  162.00       0.02
      1       4      15      14 
     13      16       3       2 
     12       9       6       7 
      8       5      10      11 
29                  162.59       0.59
      1       4      15      14 
     16      10       5       3 
      9       7      12       6 
      8      13       2      11 
30                  162.69       0.10
      1       4      15      14 
     16      13       2       3 
      6       7      12       9 
     11      10       5       8 
31                  162.71       0.02
      1       4      15      14 
     16      13       2       3 
     10      11       8       5 
      7       6       9      12 
32                  167.05       4.35
      1       4      16      13 
     14      15       3       2 
      7       6      10      11 
     12       9       5       8 
33                  167.07       0.02
      1       4      16      13 
     14      15       3       2 
     11      10       6       7 
      8       5       9      12 
34                  167.80       0.73
      1       4      16      13 
     15      14       2       3 
      6       7      11      10 
     12       9       5       8 
35                  167.82       0.02
      1       4      16      13 
     15      14       2       3 
     10      11       7       6 
      8       5       9      12 
36                  170.34       2.52
      1       5      12      16 
     10      11       6       7 
     15       4      13       2 
      8      14       3       9 
37                  172.57       2.23
      1       5      12      16 
     14      11       6       3 
     15       8       9       2 
      4      10       7      13 
38                  173.43       0.86
      1       5      12      16 
     15      11       6       2 
     10       4      13       7 
      8      14       3       9 
39                  173.44       0.01
      1       5      12      16 
     15      11       6       2 
     14       8       9       3 
      4      10       7      13 
40                  183.73      10.29
      1       5      16      12 
      8      14       3       9 
     10       4      13       7 
     15      11       2       6 
41                  184.69       0.96
      1       5      16      12 
     10      14       3       7 
      8       4      13       9 
     15      11       2       6 
42                  184.71       0.02
      1       5      16      12 
     10      14       3       7 
     15      11       6       2 
      8       4       9      13 
43                  187.58       2.88
      1       5      16      12 
     15      14       3       2 
     10      11       6       7 
      8       4       9      13 
44                  188.77       1.19
      1       6      11      16 
      7      15       2      10 
     14       4      13       3 
     12       9       8       5 
45                  189.14       0.37
      1       6      11      16 
      8      12       5       9 
     15       3      14       2 
     10      13       4       7 
46                  189.28       0.13
      1       6      11      16 
      8      15       2       9 
     12       3      14       5 
     13      10       7       4 
47                  190.80       1.53
      1       6      11      16 
     12      10       7       5 
     13       3      14       4 
      8      15       2       9 
48                  190.96       0.16
      1       6      11      16 
     12      15       2       5 
      8       3      14       9 
     13      10       7       4 
49                  190.97       0.01
      1       6      11      16 
     12      15       2       5 
     14       9       8       3 
      7       4      13      10 
50                  191.58       0.61
      1       6      11      16 
     13      10       7       4 
     12       3      14       5 
      8      15       2       9 
51                  192.49       0.90
      1       6      11      16 
     14      12       5       3 
     15       9       8       2 
      4       7      10      13 
52                  192.59       0.11
      1       6      11      16 
     14      15       2       3 
      7       4      13      10 
     12       9       8       5 
53                  192.61       0.02
      1       6      11      16 
     14      15       2       3 
     12       9       8       5 
      7       4      13      10 
54                  193.43       0.81
      1       6      11      16 
     15      12       5       2 
      8       3      14       9 
     10      13       4       7 
55                  193.45       0.02
      1       6      11      16 
     15      12       5       2 
     14       9       8       3 
      4       7      10      13 
56                  196.36       2.91
      1       6      12      15 
     11      16       2       5 
      8       3      13      10 
     14       9       7       4 
57                  196.37       0.01
      1       6      12      15 
     11      16       2       5 
     14       9       7       4 
      8       3      13      10 
58                  196.94       0.57
      1       6      12      15 
     13      10       8       3 
     16       7       9       2 
      4      11       5      14 
59                  198.44       1.50
      1       6      12      15 
     16       9       7       2 
     13       8      10       3 
      4      11       5      14 
60                  198.59       0.14
      1       6      12      15 
     16      11       5       2 
      7       4      14       9 
     10      13       3       8 
61                  198.61       0.02
      1       6      12      15 
     16      11       5       2 
     13      10       8       3 
      4       7       9      14 
62                  210.94      12.33
      1       6      15      12 
     11      16       5       2 
      8       3      10      13 
     14       9       4       7 
63                  210.96       0.01
      1       6      15      12 
     11      16       5       2 
     14       9       4       7 
      8       3      10      13 
64                  212.93       1.97
      1       6      15      12 
     16      11       2       5 
      4       7      14       9 
     13      10       3       8 
65                  212.95       0.02
      1       6      15      12 
     16      11       2       5 
     10      13       8       3 
      7       4       9      14 
66                  216.31       3.36
      1       6      16      11 
     12      15       5       2 
      7       4      10      13 
     14       9       3       8 
67                  216.32       0.01
      1       6      16      11 
     12      15       5       2 
     13      10       4       7 
      8       3       9      14 
68                  218.46       2.14
      1       6      16      11 
     15      12       2       5 
      4       7      13      10 
     14       9       3       8 
69                  218.48       0.02
      1       6      16      11 
     15      12       2       5 
     10      13       7       4 
      8       3       9      14 
70                  220.10       1.63
      1       7      10      16 
      8      12       5       9 
     14       2      15       3 
     11      13       4       6 
71                  220.17       0.07
      1       7      10      16 
      8      14       3       9 
     12       2      15       5 
     13      11       6       4 
72                  221.55       1.38
      1       7      10      16 
     12       9       8       5 
     15       4      13       2 
      6      14       3      11 
73                  221.71       0.16
      1       7      10      16 
     12      14       3       5 
      8       2      15       9 
     13      11       6       4 
74                  221.73       0.01
      1       7      10      16 
     12      14       3       5 
     15       9       8       2 
      6       4      13      11 
75                  222.99       1.27
      1       7      10      16 
     14       9       8       3 
     15       6      11       2 
      4      12       5      13 
76                  223.11       0.11
      1       7      10      16 
     14      12       5       3 
      8       2      15       9 
     11      13       4       6 
77                  223.13       0.02
      1       7      10      16 
     14      12       5       3 
     15       9       8       2 
      4       6      11      13 
78                  223.91       0.77
      1       7      10      16 
     15       9       8       2 
     12       4      13       5 
      6      14       3      11 
79                  223.92       0.01
      1       7      10      16 
     15       9       8       2 
     14       6      11       3 
      4      12       5      13 
80                  224.10       0.18
      1       7      10      16 
     15      12       5       2 
     14       9       8       3 
      4       6      11      13 
81                  224.20       0.10
      1       7      10      16 
     15      14       3       2 
     12       9       8       5 
      6       4      13      11 
82                  231.02       6.82
      1       7      12      14 
     10      16       3       5 
      8       2      13      11 
     15       9       6       4 
83                  231.04       0.01
      1       7      12      14 
     10      16       3       5 
     15       9       6       4 
      8       2      13      11 
84                  233.61       2.57
      1       7      12      14 
     16      10       5       3 
      6       4      15       9 
     11      13       2       8 
85                  233.62       0.02
      1       7      12      14 
     16      10       5       3 
     13      11       8       2 
      4       6       9      15 
86                  234.69       1.07
      1       7      14      12 
      6      15       4       9 
     11       2      13       8 
     16      10       3       5 
87                  235.03       0.34
      1       7      14      12 
      8      13       2      11 
      9       4      15       6 
     16      10       3       5 
88                  235.44       0.41
      1       7      14      12 
      9      15       4       6 
      8       2      13      11 
     16      10       3       5 
89                  235.46       0.01
      1       7      14      12 
      9      15       4       6 
     16      10       5       3 
      8       2      11      13 
90                  235.91       0.45
      1       7      14      12 
     10      16       5       3 
      8       2      11      13 
     15       9       4       6 
91                  235.92       0.01
      1       7      14      12 
     10      16       5       3 
     15       9       4       6 
      8       2      11      13 
92                  236.27       0.35
      1       7      14      12 
     11      13       2       8 
      6       4      15       9 
     16      10       3       5 
93                  238.36       2.09
      1       7      14      12 
     16      10       3       5 
      4       6      15       9 
     13      11       2       8 
94                  238.38       0.02
      1       7      14      12 
     16      10       3       5 
     11      13       8       2 
      6       4       9      15 
95                  245.03       6.65
      1       7      16      10 
     11      13       4       6 
     14      12       5       3 
      8       2       9      15 
96                  245.67       0.64
      1       7      16      10 
     12      14       5       3 
      6       4      11      13 
     15       9       2       8 
97                  245.68       0.01
      1       7      16      10 
     12      14       5       3 
     13      11       4       6 
      8       2       9      15 
98                  246.92       1.24
      1       7      16      10 
     14      12       3       5 
      4       6      13      11 
     15       9       2       8 
99                  246.94       0.02
      1       7      16      10 
     14      12       3       5 
     11      13       6       4 
      8       2       9      15 
100                 247.05       0.10
      1       7      16      10 
     14      13       4       3 
     11      12       5       6 
      8       2       9      15 
101                 249.58       2.53
      1       8       9      16 
      7      13       4      10 
     14       2      15       3 
     12      11       6       5 
102                 252.88       3.30
      1       8       9      16 
     14      13       4       3 
      7       2      15      10 
     12      11       6       5 
103                 254.59       1.71
      1       8      10      15 
      5      14       4      11 
     16       3      13       2 
     12       9       7       6 
104                 256.16       1.56
      1       8      10      15 
     11      14       4       5 
     16       9       7       2 
      6       3      13      12 
105                 256.73       0.57
      1       8      10      15 
     12      13       3       6 
      7       2      16       9 
     14      11       5       4 
106                 257.41       0.68
      1       8      10      15 
     13      12       6       3 
     16       9       7       2 
      4       5      11      14 
107                 258.12       0.71
      1       8      10      15 
     14      11       5       4 
      7       2      16       9 
     12      13       3       6 
108                 259.13       1.01
      1       8      10      15 
     16      13       3       2 
      5       4      14      11 
     12       9       7       6 
109                 261.31       2.18
      1       8      11      14 
     10      15       4       5 
     16       9       6       3 
      7       2      13      12 
110                 261.81       0.49
      1       8      11      14 
     12      13       2       7 
      6       3      16       9 
     15      10       5       4 
111                 262.55       0.75
      1       8      11      14 
     13      12       7       2 
     16       9       6       3 
      4       5      10      15 
112                 263.24       0.69
      1       8      11      14 
     15      10       5       4 
      6       3      16       9 
     12      13       2       7 
113                 265.29       2.05
      1       8      12      13 
      6      15       3      10 
     11       2      14       7 
     16       9       5       4 
114                 265.56       0.28
      1       8      12      13 
      7      14       2      11 
     10       3      15       6 
     16       9       5       4 
115                 266.36       0.79
      1       8      12      13 
     10      15       3       6 
      7       2      14      11 
     16       9       5       4 
116                 266.79       0.44
      1       8      12      13 
     11      14       2       7 
      6       3      15      10 
     16       9       5       4 
117                 267.63       0.84
      1       8      12      13 
     14      11       7       2 
     15      10       6       3 
      4       5       9      16 
118                 268.33       0.69
      1       8      12      13 
     15      10       6       3 
     14      11       7       2 
      4       5       9      16 
119                 269.61       1.29
      1       8      13      12 
      3      15       6      10 
     16       2      11       5 
     14       9       4       7 
120                 271.45       1.84
      1       8      13      12 
     10      15       6       3 
     16       9       4       5 
      7       2      11      14 
121                 271.91       0.46
      1       8      13      12 
     11      14       7       2 
     16       9       4       5 
      6       3      10      15 
122                 272.57       0.66
      1       8      13      12 
     14      11       2       7 
      4       5      16       9 
     15      10       3       6 
123                 273.29       0.72
      1       8      13      12 
     15      10       3       6 
      4       5      16       9 
     14      11       2       7 
124                 274.28       0.99
      1       8      13      12 
     16      11       2       5 
      3       6      15      10 
     14       9       4       7 
125                 274.79       0.51
      1       8      14      11 
      4      15       5      10 
     13       2      12       7 
     16       9       3       6 
126                 275.60       0.80
      1       8      14      11 
      7      12       2      13 
     10       5      15       4 
     16       9       3       6 
127                 276.45       0.86
      1       8      14      11 
     10      15       5       4 
      7       2      12      13 
     16       9       3       6 
128                 277.00       0.54
      1       8      14      11 
     12      13       7       2 
     15      10       4       5 
      6       3       9      16 
129                 277.56       0.57
      1       8      14      11 
     13      12       2       7 
      4       5      15      10 
     16       9       3       6 
130                 278.32       0.75
      1       8      14      11 
     15      10       4       5 
     12      13       7       2 
      6       3       9      16 
131                 279.70       1.39
      1       8      15      10 
      4      14       5      11 
     13       3      12       6 
     16       9       2       7 
132                 280.24       0.54
      1       8      15      10 
      6      12       3      13 
     11       5      14       4 
     16       9       2       7 
133                 281.52       1.27
      1       8      15      10 
     11      14       5       4 
      6       3      12      13 
     16       9       2       7 
134                 282.12       0.60
      1       8      15      10 
     12      13       6       3 
     14      11       4       5 
      7       2       9      16 
135                 282.67       0.56
      1       8      15      10 
     13      12       3       6 
      4       5      14      11 
     16       9       2       7 
136                 283.42       0.74
      1       8      15      10 
     14      11       4       5 
     12      13       6       3 
      7       2       9      16 
137                 291.95       8.54
      1       9       8      16 
      7      15       2      10 
     14       4      13       3 
     12       6      11       5 
138                 295.33       3.38
      1       9       8      16 
     14      15       2       3 
      7       4      13      10 
     12       6      11       5 
139                 315.37      20.03
      1       9      16       8 
      4      12       5      13 
     14       6      11       3 
     15       7       2      10 
140                 315.37       0.00
      1       9      16       8 
      4      12       5      13 
     15       7      10       2 
     14       6       3      11 
141                 316.61       1.24
      1       9      16       8 
      7      15      10       2 
     14       4       5      11 
     12       6       3      13 
142                 319.86       3.25
      1       9      16       8 
     14      12       5       3 
      4       6      11      13 
     15       7       2      10 
143                 320.86       1.00
      1       9      16       8 
     15      12       5       2 
      4       7      10      13 
     14       6       3      11 
144                 322.48       1.61
      1      10       7      16 
      8      15       2       9 
     12       3      14       5 
     13       6      11       4 
145                 322.48       0.01
      1      10       7      16 
      8      15       2       9 
     14       5      12       3 
     11       4      13       6 
146                 323.86       1.37
      1      10       7      16 
     12       8       9       5 
     15       3      14       2 
      6      13       4      11 
147                 323.99       0.14
      1      10       7      16 
     12      13       4       5 
     15       8       9       2 
      6       3      14      11 
148                 324.06       0.06
      1      10       7      16 
     12      15       2       5 
      8       3      14       9 
     13       6      11       4 
149                 325.29       1.23
      1      10       7      16 
     14       8       9       3 
     15       5      12       2 
      4      11       6      13 
150                 325.40       0.11
      1      10       7      16 
     14      11       6       3 
     15       8       9       2 
      4       5      12      13 
151                 325.52       0.11
      1      10       7      16 
     14      15       2       3 
      8       5      12       9 
     11       4      13       6 
152                 326.18       0.66
      1      10       7      16 
     15       8       9       2 
     12       3      14       5 
      6      13       4      11 
153                 326.19       0.01
      1      10       7      16 
     15       8       9       2 
     14       5      12       3 
      4      11       6      13 
154                 326.34       0.15
      1      10       7      16 
     15      11       6       2 
     14       8       9       3 
      4       5      12      13 
155                 326.43       0.09
      1      10       7      16 
     15      13       4       2 
     12       8       9       5 
      6       3      14      11 
156                 327.19       0.76
      1      10       8      15 
      5      14       4      11 
     16       3      13       2 
     12       7       9       6 
157                 327.94       0.74
      1      10       8      15 
      7      16       2       9 
     12       3      13       6 
     14       5      11       4 
158                 327.94       0.00
      1      10       8      15 
      7      16       2       9 
     14       5      11       4 
     12       3      13       6 
159                 331.56       3.62
      1      10       8      15 
     16       7       9       2 
     11       4      14       5 
      6      13       3      12 
160                 331.57       0.01
      1      10       8      15 
     16       7       9       2 
     13       6      12       3 
      4      11       5      14 
161                 331.83       0.25
      1      10       8      15 
     16      13       3       2 
      5       4      14      11 
     12       7       9       6 
162                 351.60      19.78
      1      10      15       8 
      3      13       6      12 
     14       4      11       5 
     16       7       2       9 
163                 352.01       0.40
      1      10      15       8 
      5      11       4      14 
     12       6      13       3 
     16       7       2       9 
164                 352.12       0.12
      1      10      15       8 
      5      14      11       4 
     16       3       6       9 
     12       7       2      13 
165                 352.84       0.71
      1      10      15       8 
      7      16       9       2 
     12       3       6      13 
     14       5       4      11 
166                 352.84       0.00
      1      10      15       8 
      7      16       9       2 
     14       5       4      11 
     12       3       6      13 
167                 354.33       1.49
      1      10      15       8 
     12      13       6       3 
      5       4      11      14 
     16       7       2       9 
168                 355.72       1.38
      1      10      15       8 
     14      11       4       5 
      3       6      13      12 
     16       7       2       9 
169                 356.34       0.62
      1      10      15       8 
     16       6       3       9 
      5      11      14       4 
     12       7       2      13 
170                 356.42       0.08
      1      10      15       8 
     16       7       2       9 
      4      11      14       5 
     13       6       3      12 
171                 356.43       0.01
      1      10      15       8 
     16       7       2       9 
      6      13      12       3 
     11       4       5      14 
172                 358.16       1.73
      1      10      16       7 
      8      15       9       2 
     11       4       6      13 
     14       5       3      12 
173                 358.16       0.00
      1      10      16       7 
      8      15       9       2 
     13       6       4      11 
     12       3       5      14 
174                 361.65       3.48
      1      10      16       7 
     15       8       2       9 
      4      11      13       6 
     14       5       3      12 
175                 361.66       0.01
      1      10      16       7 
     15       8       2       9 
      6      13      11       4 
     12       3       5      14 
176                 363.14       1.48
      1      11       6      16 
      7      13       4      10 
     14       2      15       3 
     12       8       9       5 
177                 363.68       0.54
      1      11       6      16 
      8      14       3       9 
     12       2      15       5 
     13       7      10       4 
178                 363.69       0.00
      1      11       6      16 
      8      14       3       9 
     15       5      12       2 
     10       4      13       7 
179                 365.28       1.60
      1      11       6      16 
     12       8       9       5 
     14       2      15       3 
      7      13       4      10 
180                 365.44       0.16
      1      11       6      16 
     12      14       3       5 
      8       2      15       9 
     13       7      10       4 
181                 365.45       0.01
      1      11       6      16 
     12      14       3       5 
     13       7      10       4 
      8       2      15       9 
182                 366.23       0.78
      1      11       6      16 
     13      14       3       4 
     12       7      10       5 
      8       2      15       9 
183                 366.86       0.63
      1      11       6      16 
     14       8       9       3 
     12       2      15       5 
      7      13       4      10 
184                 366.87       0.01
      1      11       6      16 
     14       8       9       3 
     15       5      12       2 
      4      10       7      13 
185                 367.07       0.19
      1      11       6      16 
     14      13       4       3 
      7       2      15      10 
     12       8       9       5 
186                 367.80       0.73
      1      11       6      16 
     15       8       9       2 
     14       5      12       3 
      4      10       7      13 
187                 368.04       0.24
      1      11       6      16 
     15      14       3       2 
      8       5      12       9 
     10       4      13       7 
188                 373.66       5.62
      1      11       8      14 
      6      16       3       9 
     12       2      13       7 
     15       5      10       4 
189                 373.66       0.01
      1      11       8      14 
      6      16       3       9 
     15       5      10       4 
     12       2      13       7 
190                 377.50       3.84
      1      11       8      14 
     16       6       9       3 
     10       4      15       5 
      7      13       2      12 
191                 377.51       0.01
      1      11       8      14 
     16       6       9       3 
     13       7      12       2 
      4      10       5      15 
192                 397.63      20.11
      1      11      14       8 
      6      16       9       3 
     12       2       7      13 
     15       5       4      10 
193                 397.63       0.01
      1      11      14       8 
      6      16       9       3 
     15       5       4      10 
     12       2       7      13 
194                 397.94       0.30
      1      11      14       8 
      7      13      12       2 
     16       4       5       9 
     10       6       3      15 
195                 401.31       3.37
      1      11      14       8 
     16       5       4       9 
      7      12      13       2 
     10       6       3      15 
196                 401.42       0.11
      1      11      14       8 
     16       6       3       9 
      4      10      15       5 
     13       7       2      12 
197                 401.43       0.01
      1      11      14       8 
     16       6       3       9 
      7      13      12       2 
     10       4       5      15 
198                 407.77       6.34
      1      11      16       6 
      8      14       9       3 
     10       4       7      13 
     15       5       2      12 
199                 407.77       0.00
      1      11      16       6 
      8      14       9       3 
     13       7       4      10 
     12       2       5      15 
200                 410.77       2.99
      1      11      16       6 
     14       8       3       9 
      4      10      13       7 
     15       5       2      12 
201                 410.78       0.01
      1      11      16       6 
     14       8       3       9 
      7      13      10       4 
     12       2       5      15 
202                 414.76       3.99
      1      12       5      16 
     10      13       4       7 
     15       6      11       2 
      8       3      14       9 
203                 416.89       2.12
      1      12       5      16 
     14       9       8       3 
     15       6      11       2 
      4       7      10      13 
204                 417.83       0.95
      1      12       5      16 
     15       9       8       2 
     14       6      11       3 
      4       7      10      13 
205                 417.93       0.10
      1      12       5      16 
     15      13       4       2 
     10       6      11       7 
      8       3      14       9 
206                 418.92       0.98
      1      12       6      15 
      7      14       4       9 
     16       5      11       2 
     10       3      13       8 
207                 419.32       0.40
      1      12       6      15 
      8      13       3      10 
     11       2      16       5 
     14       7       9       4 
208                 421.32       2.01
      1      12       6      15 
     13       8      10       3 
     16       5      11       2 
      4       9       7      14 
209                 421.45       0.13
      1      12       6      15 
     13      10       8       3 
     16       7       9       2 
      4       5      11      14 
210                 422.00       0.55
      1      12       6      15 
     14       7       9       4 
     11       2      16       5 
      8      13       3      10 
211                 422.97       0.97
      1      12       6      15 
     16       9       7       2 
     13       8      10       3 
      4       5      11      14 
212                 424.05       1.07
      1      12       7      14 
      6      15       4       9 
     16       5      10       3 
     11       2      13       8 
213                 424.40       0.35
      1      12       7      14 
      8      13       2      11 
     10       3      16       5 
     15       6       9       4 
214                 426.22       1.82
      1      12       7      14 
     13       8      11       2 
     16       5      10       3 
      4       9       6      15 
215                 426.91       0.69
      1      12       7      14 
     15       6       9       4 
     10       3      16       5 
      8      13       2      11 
216                 429.10       2.19
      1      12       8      13 
      6      15       3      10 
     11       2      14       7 
     16       5       9       4 
217                 429.39       0.29
      1      12       8      13 
      7      14       2      11 
     10       3      15       6 
     16       5       9       4 
218                 430.22       0.82
      1      12       8      13 
     10      15       3       6 
      7       2      14      11 
     16       5       9       4 
219                 430.70       0.48
      1      12       8      13 
     11      14       2       7 
      6       3      15      10 
     16       5       9       4 
220                 431.33       0.63
      1      12       8      13 
     14       7      11       2 
     15       6      10       3 
      4       9       5      16 
221                 432.05       0.72
      1      12       8      13 
     15       6      10       3 
     14       7      11       2 
      4       9       5      16 
222                 443.23      11.18
      1      12      13       8 
      2      14       7      11 
     15       3      10       6 
     16       5       4       9 
223                 443.46       0.23
      1      12      13       8 
      3      15      10       6 
     16       2       7       9 
     14       5       4      11 
224                 444.05       0.58
      1      12      13       8 
      6      10       3      15 
     11       7      14       2 
     16       5       4       9 
225                 444.16       0.12
      1      12      13       8 
      6      15      10       3 
     16       5       4       9 
     11       2       7      14 
226                 444.47       0.31
      1      12      13       8 
      7      14      11       2 
     16       5       4       9 
     10       3       6      15 
227                 445.85       1.38
      1      12      13       8 
     11      14       7       2 
      6       3      10      15 
     16       5       4       9 
228                 446.36       0.51
      1      12      13       8 
     14       7       2      11 
      4       9      16       5 
     15       6       3      10 
229                 447.11       0.75
      1      12      13       8 
     15       6       3      10 
      4       9      16       5 
     14       7       2      11 
230                 447.36       0.24
      1      12      13       8 
     15      10       3       6 
      2       7      14      11 
     16       5       4       9 
231                 448.11       0.76
      1      12      13       8 
     16       7       2       9 
      3      10      15       6 
     14       5       4      11 
232                 448.23       0.12
      1      12      13       8 
     16       9       4       5 
      2       7      14      11 
     15       6       3      10 
233                 448.84       0.61
      1      12      14       7 
      4      15       9       6 
     13       2       8      11 
     16       5       3      10 
234                 449.32       0.48
      1      12      14       7 
      6      15       9       4 
     11       2       8      13 
     16       5       3      10 
235                 449.69       0.37
      1      12      14       7 
      8      13      11       2 
     15       6       4       9 
     10       3       5      16 
236                 450.83       1.15
      1      12      14       7 
     11       8       2      13 
      6       9      15       4 
     16       5       3      10 
237                 451.37       0.53
      1      12      14       7 
     13       8       2      11 
      4       9      15       6 
     16       5       3      10 
238                 452.10       0.73
      1      12      14       7 
     15       6       4       9 
      8      13      11       2 
     10       3       5      16 
239                 453.52       1.42
      1      12      15       6 
      3      13       8      10 
     14       4       9       7 
     16       5       2      11 
240                 453.72       0.20
      1      12      15       6 
      4      14       9       7 
     13       3       8      10 
     16       5       2      11 
241                 454.07       0.35
      1      12      15       6 
      7       9       4      14 
     10       8      13       3 
     16       5       2      11 
242                 454.23       0.16
      1      12      15       6 
      7      14       9       4 
     10       3       8      13 
     16       5       2      11 
243                 454.61       0.38
      1      12      15       6 
      8      13      10       3 
     14       7       4       9 
     11       2       5      16 
244                 455.34       0.73
      1      12      15       6 
     10       8       3      13 
      7       9      14       4 
     16       5       2      11 
245                 455.52       0.18
      1      12      15       6 
     10      13       8       3 
      7       4       9      14 
     16       5       2      11 
246                 456.46       0.94
      1      12      15       6 
     13       8       3      10 
      4       9      14       7 
     16       5       2      11 
247                 457.15       0.69
      1      12      15       6 
     14       7       4       9 
      8      13      10       3 
     11       2       5      16 
248                 457.32       0.17
      1      12      15       6 
     14       9       4       7 
      3       8      13      10 
     16       5       2      11 
249                 465.48       8.16
      1      13       4      16 
      8      12       5       9 
     14       2      15       3 
     11       7      10       6 
250                 465.48       0.00
      1      13       4      16 
      8      12       5       9 
     15       3      14       2 
     10       6      11       7 
251                 467.72       2.24
      1      13       4      16 
     12       8       9       5 
     14       2      15       3 
      7      11       6      10 
252                 467.73       0.00
      1      13       4      16 
     12       8       9       5 
     15       3      14       2 
      6      10       7      11 
253                 468.62       0.89
      1      13       4      16 
     14       8       9       3 
     12       2      15       5 
      7      11       6      10 
254                 468.80       0.18
      1      13       4      16 
     14      12       5       3 
      8       2      15       9 
     11       7      10       6 
255                 469.51       0.72
      1      13       4      16 
     15       8       9       2 
     12       3      14       5 
      6      10       7      11 
256                 469.68       0.17
      1      13       4      16 
     15      12       5       2 
      8       3      14       9 
     10       6      11       7 
257                 479.46       9.78
      1      13       8      12 
      3      15       6      10 
     16       2      11       5 
     14       4       9       7 
258                 479.70       0.24
      1      13       8      12 
      4      16       5       9 
     14       2      11       7 
     15       3      10       6 
259                 479.71       0.00
      1      13       8      12 
      4      16       5       9 
     15       3      10       6 
     14       2      11       7 
260                 483.72       4.01
      1      13       8      12 
     16       4       9       5 
     10       6      15       3 
      7      11       2      14 
261                 483.72       0.01
      1      13       8      12 
     16       4       9       5 
     11       7      14       2 
      6      10       3      15 
262                 484.23       0.50
      1      13       8      12 
     16      11       2       5 
      3       6      15      10 
     14       4       9       7 
263                 493.17       8.95
      1      13      12       8 
      2      14       7      11 
     15       3      10       6 
     16       4       5       9 
264                 493.18       0.00
      1      13      12       8 
      2      14       7      11 
     16       4       9       5 
     15       3       6      10 
265                 493.40       0.22
      1      13      12       8 
      3      15      10       6 
     16       2       7       9 
     14       4       5      11 
266                 493.62       0.22
      1      13      12       8 
      4      16       9       5 
     14       2       7      11 
     15       3       6      10 
267                 493.63       0.00
      1      13      12       8 
      4      16       9       5 
     15       3       6      10 
     14       2       7      11 
268                 493.99       0.36
      1      13      12       8 
      6      10       3      15 
     11       7      14       2 
     16       4       5       9 
269                 495.76       1.76
      1      13      12       8 
     11      14       7       2 
      6       3      10      15 
     16       4       5       9 
270                 497.26       1.50
      1      13      12       8 
     15      10       3       6 
      2       7      14      11 
     16       4       5       9 
271                 497.71       0.45
      1      13      12       8 
     16       4       5       9 
      6      10      15       3 
     11       7       2      14 
272                 497.71       0.00
      1      13      12       8 
     16       4       5       9 
      7      11      14       2 
     10       6       3      15 
273                 498.04       0.33
      1      13      12       8 
     16       7       2       9 
      3      10      15       6 
     14       4       5      11 
274                 508.22      10.18
      1      13      16       4 
      6      10       7      11 
     12       8       9       5 
     15       3       2      14 
275                 509.05       0.83
      1      13      16       4 
      8      12       9       5 
     10       6       7      11 
     15       3       2      14 
276                 509.05       0.00
      1      13      16       4 
      8      12       9       5 
     11       7       6      10 
     14       2       3      15 
277                 511.16       2.10
      1      13      16       4 
     12       8       5       9 
      6      10      11       7 
     15       3       2      14 
278                 511.16       0.00
      1      13      16       4 
     12       8       5       9 
      7      11      10       6 
     14       2       3      15 
279                 511.31       0.15
      1      13      16       4 
     12      10       7       5 
      6       8       9      11 
     15       3       2      14 
280                 515.94       4.63
      1      14       3      16 
     10      11       6       7 
     15       4      13       2 
      8       5      12       9 
281                 517.27       1.32
      1      14       3      16 
     12       9       8       5 
     15       4      13       2 
      6       7      10      11 
282                 519.08       1.81
      1      14       3      16 
     15       9       8       2 
     12       4      13       5 
      6       7      10      11 
283                 519.14       0.06
      1      14       3      16 
     15      11       6       2 
     10       4      13       7 
      8       5      12       9 
284                 520.17       1.03
      1      14       4      15 
      7      12       6       9 
     16       3      13       2 
     10       5      11       8 
285                 520.54       0.38
      1      14       4      15 
      8      11       5      10 
     13       2      16       3 
     12       7       9       6 
286                 521.07       0.53
      1      14       4      15 
      9      12       6       7 
     16       5      11       2 
      8       3      13      10 
287                 522.07       1.00
      1      14       4      15 
     11       8      10       5 
     16       3      13       2 
      6       9       7      12 
288                 522.62       0.54
      1      14       4      15 
     12       7       9       6 
     13       2      16       3 
      8      11       5      10 
289                 524.39       1.77
      1      14       4      15 
     16      11       5       2 
      9       6      12       7 
      8       3      13      10 
290                 529.52       5.13
      1      14       7      12 
      4      15       6       9 
     16       3      10       5 
     13       2      11       8 
291                 530.00       0.48
      1      14       7      12 
      6      15       4       9 
     11       2      13       8 
     16       3      10       5 
292                 530.31       0.31
      1      14       7      12 
      8      11       2      13 
     10       5      16       3 
     15       4       9       6 
293                 530.35       0.04
      1      14       7      12 
      8      13       2      11 
      9       4      15       6 
     16       3      10       5 
294                 530.76       0.41
      1      14       7      12 
      9      15       4       6 
      8       2      13      11 
     16       3      10       5 
295                 531.57       0.81
      1      14       7      12 
     11       8      13       2 
     16       3      10       5 
      6       9       4      15 
296                 531.63       0.06
      1      14       7      12 
     11      13       2       8 
      6       4      15       9 
     16       3      10       5 
297                 532.61       0.98
      1      14       7      12 
     15       4       9       6 
     10       5      16       3 
      8      11       2      13 
298                 533.62       1.01
      1      14       7      12 
     16       5      10       3 
      9       4      15       6 
      8      11       2      13 
299                 534.36       0.74
      1      14       8      11 
      4      15       5      10 
     13       2      12       7 
     16       3       9       6 
300                 535.18       0.82
      1      14       8      11 
      7      12       2      13 
     10       5      15       4 
     16       3       9       6 
301                 536.04       0.86
      1      14       8      11 
     10      15       5       4 
      7       2      12      13 
     16       3       9       6 
302                 536.50       0.46
      1      14       8      11 
     12       7      13       2 
     15       4      10       5 
      6       9       3      16 
303                 537.21       0.71
      1      14       8      11 
     13      12       2       7 
      4       5      15      10 
     16       3       9       6 
304                 537.64       0.43
      1      14       8      11 
     15       4      10       5 
     12       7      13       2 
      6       9       3      16 
305                 549.04      11.40
      1      14      11       8 
      4      15      10       5 
     16       3       6       9 
     13       2       7      12 
306                 549.90       0.86
      1      14      11       8 
      7      12      13       2 
     16       3       6       9 
     10       5       4      15 
307                 549.94       0.03
      1      14      11       8 
      7      13      12       2 
     16       4       5       9 
     10       3       6      15 
308                 551.25       1.31
      1      14      11       8 
     12       7       2      13 
      6       9      16       3 
     15       4       5      10 
309                 552.43       1.19
      1      14      11       8 
     15       4       5      10 
      6       9      16       3 
     12       7       2      13 
310                 553.41       0.98
      1      14      11       8 
     16       5       4       9 
      7      12      13       2 
     10       3       6      15 
311                 554.29       0.88
      1      14      12       7 
      4      15       9       6 
     13       2       8      11 
     16       3       5      10 
312                 554.76       0.47
      1      14      12       7 
      6      15       9       4 
     11       2       8      13 
     16       3       5      10 
313                 555.09       0.33
      1      14      12       7 
      8      11      13       2 
     15       4       6       9 
     10       5       3      16 
314                 556.28       1.19
      1      14      12       7 
     11       8       2      13 
      6       9      15       4 
     16       3       5      10 
315                 556.82       0.54
      1      14      12       7 
     13       8       2      11 
      4       9      15       6 
     16       3       5      10 
316                 557.33       0.50
      1      14      12       7 
     15       4       6       9 
      8      11      13       2 
     10       5       3      16 
317                 563.83       6.50
      1      14      15       4 
      5      11       8      10 
     12       6       9       7 
     16       3       2      13 
318                 564.11       0.29
      1      14      15       4 
      6      12       9       7 
     11       5       8      10 
     16       3       2      13 
319                 564.37       0.26
      1      14      15       4 
      7       9       6      12 
     10       8      11       5 
     16       3       2      13 
320                 564.47       0.10
      1      14      15       4 
      7      12       9       6 
     10       5       8      11 
     16       3       2      13 
321                 564.85       0.38
      1      14      15       4 
      8      11      10       5 
     12       7       6       9 
     13       2       3      16 
322                 565.73       0.88
      1      14      15       4 
     10       8       5      11 
      7       9      12       6 
     16       3       2      13 
323                 565.84       0.11
      1      14      15       4 
     10      11       8       5 
      7       6       9      12 
     16       3       2      13 
324                 566.29       0.45
      1      14      15       4 
     11       8       5      10 
      6       9      12       7 
     16       3       2      13 
325                 566.85       0.56
      1      14      15       4 
     12       7       6       9 
      8      11      10       5 
     13       2       3      16 
326                 566.98       0.13
      1      14      15       4 
     12       9       6       7 
      5       8      11      10 
     16       3       2      13 
327                 578.75      11.76
      1      15       2      16 
     12      10       7       5 
     13       3      14       4 
      8       6      11       9 
328                 579.56       0.81
      1      15       2      16 
     13      10       7       4 
     12       3      14       5 
      8       6      11       9 
329                 581.05       1.48
      1      15       4      14 
      6      12       7       9 
     16       2      13       3 
     11       5      10       8 
330                 581.75       0.71
      1      15       4      14 
      8      10       5      11 
     13       3      16       2 
     12       6       9       7 
331                 582.31       0.55
      1      15       4      14 
      9      12       7       6 
     16       5      10       3 
      8       2      13      11 
332                 582.75       0.44
      1      15       4      14 
     10       8      11       5 
     16       2      13       3 
      7       9       6      12 
333                 583.74       1.00
      1      15       4      14 
     12       6       9       7 
     13       3      16       2 
      8      10       5      11 
334                 585.51       1.77
      1      15       4      14 
     16      10       5       3 
      9       7      12       6 
      8       2      13      11 
335                 590.23       4.72
      1      15       6      12 
      4      14       7       9 
     16       2      11       5 
     13       3      10       8 
336                 591.05       0.82
      1      15       6      12 
      8      10       3      13 
     11       5      16       2 
     14       4       9       7 
337                 591.93       0.88
      1      15       6      12 
     10       8      13       3 
     16       2      11       5 
      7       9       4      14 
338                 593.49       1.56
      1      15       6      12 
     14       4       9       7 
     11       5      16       2 
      8      10       3      13 
339                 599.26       5.77
      1      15       8      10 
      4      14       5      11 
     13       3      12       6 
     16       2       9       7 
340                 599.81       0.54
      1      15       8      10 
      6      12       3      13 
     11       5      14       4 
     16       2       9       7 
341                 601.09       1.29
      1      15       8      10 
     11      14       5       4 
      6       3      12      13 
     16       2       9       7 
342                 601.51       0.41
      1      15       8      10 
     12       6      13       3 
     14       4      11       5 
      7       9       2      16 
343                 602.32       0.81
      1      15       8      10 
     13      12       3       6 
      4       5      14      11 
     16       2       9       7 
344                 602.69       0.37
      1      15       8      10 
     14       4      11       5 
     12       6      13       3 
      7       9       2      16 
345                 604.15       1.46
      1      15      10       8 
      3      13       6      12 
     14       4      11       5 
     16       2       7       9 
346                 604.37       0.22
      1      15      10       8 
      4      14      11       5 
     16       2       7       9 
     13       3       6      12 
347                 604.56       0.19
      1      15      10       8 
      5      11       4      14 
     12       6      13       3 
     16       2       7       9 
348                 604.64       0.09
      1      15      10       8 
      5      14      11       4 
     16       3       6       9 
     12       2       7      13 
349                 604.93       0.28
      1      15      10       8 
      6      12      13       3 
     16       2       7       9 
     11       5       4      14 
350                 606.57       1.64
      1      15      10       8 
     12       6       3      13 
      7       9      16       2 
     14       4       5      11 
351                 606.81       0.24
      1      15      10       8 
     12      13       6       3 
      5       4      11      14 
     16       2       7       9 
352                 607.78       0.97
      1      15      10       8 
     14       4       5      11 
      7       9      16       2 
     12       6       3      13 
353                 608.19       0.41
      1      15      10       8 
     14      11       4       5 
      3       6      13      12 
     16       2       7       9 
354                 608.89       0.70
      1      15      10       8 
     16       6       3       9 
      5      11      14       4 
     12       2       7      13 
355                 613.65       4.76
      1      15      12       6 
      3      13       8      10 
     14       4       9       7 
     16       2       5      11 
356                 613.84       0.19
      1      15      12       6 
      4      14       9       7 
     13       3       8      10 
     16       2       5      11 
357                 614.20       0.36
      1      15      12       6 
      7       9       4      14 
     10       8      13       3 
     16       2       5      11 
358                 614.35       0.14
      1      15      12       6 
      7      14       9       4 
     10       3       8      13 
     16       2       5      11 
359                 614.65       0.31
      1      15      12       6 
      8      10      13       3 
     14       4       7       9 
     11       5       2      16 
360                 615.45       0.79
      1      15      12       6 
     10       8       3      13 
      7       9      14       4 
     16       2       5      11 
361                 615.61       0.16
      1      15      12       6 
     10      13       8       3 
      7       4       9      14 
     16       2       5      11 
362                 616.57       0.96
      1      15      12       6 
     13       8       3      10 
      4       9      14       7 
     16       2       5      11 
363                 617.07       0.49
      1      15      12       6 
     14       4       7       9 
      8      10      13       3 
     11       5       2      16 
364                 617.41       0.34
      1      15      12       6 
     14       9       4       7 
      3       8      13      10 
     16       2       5      11 
365                 623.04       5.63
      1      15      14       4 
      5      11       8      10 
     12       6       9       7 
     16       2       3      13 
366                 623.32       0.28
      1      15      14       4 
      6      12       9       7 
     11       5       8      10 
     16       2       3      13 
367                 623.58       0.26
      1      15      14       4 
      7       9       6      12 
     10       8      11       5 
     16       2       3      13 
368                 623.67       0.09
      1      15      14       4 
      7      12       9       6 
     10       5       8      11 
     16       2       3      13 
369                 624.00       0.33
      1      15      14       4 
      8      10      11       5 
     12       6       7       9 
     13       3       2      16 
370                 624.92       0.92
      1      15      14       4 
     10       8       5      11 
      7       9      12       6 
     16       2       3      13 
371                 625.03       0.10
      1      15      14       4 
     10      11       8       5 
      7       6       9      12 
     16       2       3      13 
372                 625.47       0.45
      1      15      14       4 
     11       8       5      10 
      6       9      12       7 
     16       2       3      13 
373                 625.96       0.48
      1      15      14       4 
     12       6       7       9 
      8      10      11       5 
     13       3       2      16 
374                 626.16       0.21
      1      15      14       4 
     12       9       6       7 
      5       8      11      10 
     16       2       3      13 
375                 637.74      11.57
      1      16       2      15 
     12       9       7       6 
     13       4      14       3 
      8       5      11      10 
376                 640.84       3.11
      1      16       3      14 
      8      11       6       9 
     13       2      15       4 
     12       5      10       7 
377                 642.94       2.09
      1      16       3      14 
     12       7      10       5 
     13       2      15       4 
      8       9       6      11 
378                 643.71       0.78
      1      16       3      14 
     13       7      10       4 
     12       2      15       5 
      8       9       6      11 
379                 643.92       0.21
      1      16       3      14 
     13      11       6       4 
      8       2      15       9 
     12       5      10       7 
380                 645.31       1.39
      1      16       4      13 
      6      11       7      10 
     15       2      14       3 
     12       5       9       8 
381                 645.59       0.28
      1      16       4      13 
      7      10       6      11 
     14       3      15       2 
     12       5       9       8 
382                 646.83       1.24
      1      16       4      13 
     10       7      11       6 
     15       2      14       3 
      8       9       5      12 
383                 647.35       0.52
      1      16       4      13 
     11       6      10       7 
     14       3      15       2 
      8       9       5      12 
384                 651.21       3.86
      1      16       5      12 
      8      13       4       9 
     10       3      14       7 
     15       2      11       6 
385                 651.98       0.77
      1      16       5      12 
     10       6      11       7 
     15       3      14       2 
      8       9       4      13 
386                 652.22       0.24
      1      16       5      12 
     10      13       4       7 
      8       3      14       9 
     15       2      11       6 
387                 654.82       2.60
      1      16       5      12 
     15       6      11       2 
     10       3      14       7 
      8       9       4      13 
388                 655.42       0.60
      1      16       6      11 
      4      13       7      10 
     15       2      12       5 
     14       3       9       8 
389                 655.98       0.56
      1      16       6      11 
      7      10       4      13 
     12       5      15       2 
     14       3       9       8 
390                 657.33       1.35
      1      16       6      11 
     10       7      13       4 
     15       2      12       5 
      8       9       3      14 
391                 658.45       1.12
      1      16       6      11 
     13       4      10       7 
     12       5      15       2 
      8       9       3      14 
392                 660.73       2.27
      1      16       7      10 
      4      13       6      11 
     14       3      12       5 
     15       2       9       8 
393                 661.27       0.54
      1      16       7      10 
      6      11       4      13 
     12       5      14       3 
     15       2       9       8 
394                 662.37       1.10
      1      16       7      10 
     11       5      12       6 
     14       4      13       3 
      8       9       2      15 
395                 662.47       0.10
      1      16       7      10 
     11       6      13       4 
     14       3      12       5 
      8       9       2      15 
396                 663.56       1.09
      1      16       7      10 
     13       4      11       6 
     12       5      14       3 
      8       9       2      15 
397                 664.37       0.81
      1      16       7      10 
     14       5      12       3 
     11       4      13       6 
      8       9       2      15 
398                 671.37       7.00
      1      16       9       8 
      4      10       7      13 
     15       5      12       2 
     14       3       6      11 
399                 671.39       0.02
      1      16       9       8 
      4      11       6      13 
     14       5      12       3 
     15       2       7      10 
400                 675.45       4.06
      1      16       9       8 
     14       5       4      11 
      7      10      15       2 
     12       3       6      13 
401                 675.72       0.27
      1      16       9       8 
     14      11       6       3 
      4       5      12      13 
     15       2       7      10 
402                 676.63       0.91
      1      16       9       8 
     15      10       7       2 
      4       5      12      13 
     14       3       6      11 
403                 677.03       0.40
      1      16      10       7 
      4      13      11       6 
     15       2       8       9 
     14       3       5      12 
404                 677.57       0.54
      1      16      10       7 
      6      11      13       4 
     15       2       8       9 
     12       5       3      14 
405                 678.67       1.10
      1      16      10       7 
     11       6       4      13 
      8       9      15       2 
     14       3       5      12 
406                 679.79       1.11
      1      16      10       7 
     13       4       6      11 
      8       9      15       2 
     12       5       3      14 
407                 682.15       2.36
      1      16      11       6 
      4      13      10       7 
     14       3       8       9 
     15       2       5      12 
408                 682.74       0.59
      1      16      11       6 
      7      10      13       4 
     14       3       8       9 
     12       5       2      15 
409                 684.02       1.28
      1      16      11       6 
     10       7       4      13 
      8       9      14       3 
     15       2       5      12 
410                 685.25       1.22
      1      16      11       6 
     13       4       7      10 
      8       9      14       3 
     12       5       2      15 
411                 693.49       8.24
      1      16      13       4 
      6       9       8      11 
     12       7      10       5 
     15       2       3      14 
412                 693.55       0.06
      1      16      13       4 
      6      11      10       7 
     12       5       8       9 
     15       2       3      14 
413                 693.84       0.28
      1      16      13       4 
      7      10      11       6 
     12       5       8       9 
     14       3       2      15 
414                 695.07       1.24
      1      16      13       4 
     10       7       6      11 
      8       9      12       5 
     15       2       3      14 
415                 695.62       0.54
      1      16      13       4 
     11       6       7      10 
      8       9      12       5 
     14       3       2      15 
416                 696.51       0.90
      1      16      13       4 
     12       9       8       5 
      6       7      10      11 
     15       2       3      14 
417                 715.43      18.92
      2       1      15      16 
     14      13       3       4 
     11       8      10       5 
      7      12       6       9 
418                 718.65       3.22
      2       1      16      15 
     11      13       4       6 
     14       8       9       3 
      7      12       5      10 
419                 720.72       2.07
      2       1      16      15 
     14      13       4       3 
     11       8       9       6 
      7      12       5      10 
420                 723.28       2.56
      2       3      13      16 
     10      11       5       8 
     15       6      12       1 
      7      14       4       9 
421                 725.45       2.17
      2       3      13      16 
     14      15       1       4 
      7       6      12       9 
     11      10       8       5 
422                 725.47       0.02
      2       3      13      16 
     14      15       1       4 
     11      10       8       5 
      7       6      12       9 
423                 726.11       0.64